7
5
2	1	8	5	4	10
5	1	8	5	4
1	8	5	4	2
4	1
1	8	5	4	0
7
2	1	8	5	4	10
5	1	8	5	4
1	8	5	4	2
6	1	1
1	8	5	4	1
4	1
1	8	5	4	0
7
2	1	1	1	1	10
5	1	1	1	1
1	1	1	1	2
6	1	1
1	1	1	1	1
4	1
1	1	1	1	0
8
2	1	1	1	1	10
2	5	1	1	1	10
5	2	1	1	1
1	1	1	1	8
4	1
1	1	1	1	5
5	2	1	1	1
1	1	1	1	7
17
2	1	8	5	4	10
2	2	1	1	1	10
5	1	8	5	4
5	1	1	1	1
5	2	8	5	4
5	2	1	1	1
5	5	8	5	4
5	5	1	1	1
5	3	8	5	4
5	3	1	1	1
5	4	8	5	4
5	4	1	1	1
1	1	1	1	17
1	8	5	4	16
4	2
1	1	1	1	0
1	8	5	4	16
31
2	1	8	5	4	10
2	2	1	1	1	10
5	1	8	5	4
5	1	1	1	1
5	2	8	5	4
5	2	1	1	1
5	5	8	5	4
5	5	1	1	1
5	3	8	5	4
5	3	1	1	1
5	4	8	5	4
5	4	1	1	1
1	1	1	1	17
1	8	5	4	16
4	2
1	1	1	1	0
1	8	5	4	16
2	2	8	5	4	5
2	3	8	5	4	5
5	6	8	5	4
5	7	8	5	4
5	8	8	5	4
5	9	8	5	4
5	10	8	5	4
1	8	5	4	61
4	1
1	8	5	4	30
4	2
1	8	5	4	11
4	3
1	8	5	4	0
2240
2	1	1	1	1	4
2	2	1	1	2	2
2	3	1	1	3	4
2	4	1	1	4	2
2	5	1	2	1	4
2	6	1	2	2	2
2	7	1	2	3	4
2	8	1	2	4	2
2	9	1	3	1	4
2	10	1	3	2	2
2	11	1	3	3	4
2	12	1	3	4	2
2	13	1	4	1	4
2	14	1	4	2	2
2	15	1	4	3	4
2	16	1	4	4	2
2	17	1	5	1	4
2	18	1	5	2	2
2	19	1	5	3	4
2	20	1	5	4	2
2	21	2	1	1	4
2	22	2	1	2	2
2	23	2	1	3	4
2	24	2	1	4	2
2	25	2	2	1	4
2	26	2	2	2	2
2	27	2	2	3	4
2	28	2	2	4	2
2	29	2	3	1	4
2	30	2	3	2	2
2	31	2	3	3	4
2	32	2	3	4	2
2	33	2	4	1	4
2	34	2	4	2	2
2	35	2	4	3	4
2	36	2	4	4	2
2	37	2	5	1	4
2	38	2	5	2	2
2	39	2	5	3	4
2	40	2	5	4	2
2	41	3	1	1	4
2	42	3	1	2	2
2	43	3	1	3	4
2	44	3	1	4	2
2	45	3	2	1	4
2	46	3	2	2	2
2	47	3	2	3	4
2	48	3	2	4	2
2	49	3	3	1	4
2	50	3	3	2	2
2	51	3	3	3	4
2	52	3	3	4	2
2	53	3	4	1	4
2	54	3	4	2	2
2	55	3	4	3	4
2	56	3	4	4	2
2	57	3	5	1	4
2	58	3	5	2	2
2	59	3	5	3	4
2	60	3	5	4	2
2	61	4	1	1	4
2	62	4	1	2	2
2	63	4	1	3	4
2	64	4	1	4	2
2	65	4	2	1	4
2	66	4	2	2	2
2	67	4	2	3	4
2	68	4	2	4	2
2	69	4	3	1	4
2	70	4	3	2	2
2	71	4	3	3	4
2	72	4	3	4	2
2	73	4	4	1	4
2	74	4	4	2	2
2	75	4	4	3	4
2	76	4	4	4	2
2	77	4	5	1	4
2	78	4	5	2	2
2	79	4	5	3	4
2	80	4	5	4	2
2	81	5	1	1	4
2	82	5	1	2	2
2	83	5	1	3	4
2	84	5	1	4	2
2	85	5	2	1	4
2	86	5	2	2	2
2	87	5	2	3	4
2	88	5	2	4	2
2	89	5	3	1	4
2	90	5	3	2	2
2	91	5	3	3	4
2	92	5	3	4	2
2	93	5	4	1	4
2	94	5	4	2	2
2	95	5	4	3	4
2	96	5	4	4	2
2	97	5	5	1	4
2	98	5	5	2	2
2	99	5	5	3	4
2	100	5	5	4	2
2	101	6	1	1	4
2	102	6	1	2	2
2	103	6	1	3	4
2	104	6	1	4	2
2	105	6	2	1	4
2	106	6	2	2	2
2	107	6	2	3	4
2	108	6	2	4	2
2	109	6	3	1	4
2	110	6	3	2	2
2	111	6	3	3	4
2	112	6	3	4	2
2	113	6	4	1	4
2	114	6	4	2	2
2	115	6	4	3	4
2	116	6	4	4	2
2	117	6	5	1	4
2	118	6	5	2	2
2	119	6	5	3	4
2	120	6	5	4	2
2	121	7	1	1	4
2	122	7	1	2	2
2	123	7	1	3	4
2	124	7	1	4	2
2	125	7	2	1	4
2	126	7	2	2	2
2	127	7	2	3	4
2	128	7	2	4	2
2	129	7	3	1	4
2	130	7	3	2	2
2	131	7	3	3	4
2	132	7	3	4	2
2	133	7	4	1	4
2	134	7	4	2	2
2	135	7	4	3	4
2	136	7	4	4	2
2	137	7	5	1	4
2	138	7	5	2	2
2	139	7	5	3	4
2	140	7	5	4	2
2	141	8	1	1	4
2	142	8	1	2	2
2	143	8	1	3	4
2	144	8	1	4	2
2	145	8	2	1	4
2	146	8	2	2	2
2	147	8	2	3	4
2	148	8	2	4	2
2	149	8	3	1	4
2	150	8	3	2	2
2	151	8	3	3	4
2	152	8	3	4	2
2	153	8	4	1	4
2	154	8	4	2	2
2	155	8	4	3	4
2	156	8	4	4	2
2	157	8	5	1	4
2	158	8	5	2	2
2	159	8	5	3	4
2	160	8	5	4	2
2	161	1	1	1	4
2	162	1	1	2	2
2	163	1	1	3	4
2	164	1	1	4	2
2	165	1	2	1	4
2	166	1	2	2	2
2	167	1	2	3	4
2	168	1	2	4	2
2	169	1	3	1	4
2	170	1	3	2	2
2	171	1	3	3	4
2	172	1	3	4	2
2	173	1	4	1	4
2	174	1	4	2	2
2	175	1	4	3	4
2	176	1	4	4	2
2	177	1	5	1	4
2	178	1	5	2	2
2	179	1	5	3	4
2	180	1	5	4	2
2	181	2	1	1	4
2	182	2	1	2	2
2	183	2	1	3	4
2	184	2	1	4	2
2	185	2	2	1	4
2	186	2	2	2	2
2	187	2	2	3	4
2	188	2	2	4	2
2	189	2	3	1	4
2	190	2	3	2	2
2	191	2	3	3	4
2	192	2	3	4	2
2	193	2	4	1	4
2	194	2	4	2	2
2	195	2	4	3	4
2	196	2	4	4	2
2	197	2	5	1	4
2	198	2	5	2	2
2	199	2	5	3	4
2	200	2	5	4	2
2	201	3	1	1	4
2	202	3	1	2	2
2	203	3	1	3	4
2	204	3	1	4	2
2	205	3	2	1	4
2	206	3	2	2	2
2	207	3	2	3	4
2	208	3	2	4	2
2	209	3	3	1	4
2	210	3	3	2	2
2	211	3	3	3	4
2	212	3	3	4	2
2	213	3	4	1	4
2	214	3	4	2	2
2	215	3	4	3	4
2	216	3	4	4	2
2	217	3	5	1	4
2	218	3	5	2	2
2	219	3	5	3	4
2	220	3	5	4	2
2	221	4	1	1	4
2	222	4	1	2	2
2	223	4	1	3	4
2	224	4	1	4	2
2	225	4	2	1	4
2	226	4	2	2	2
2	227	4	2	3	4
2	228	4	2	4	2
2	229	4	3	1	4
2	230	4	3	2	2
2	231	4	3	3	4
2	232	4	3	4	2
2	233	4	4	1	4
2	234	4	4	2	2
2	235	4	4	3	4
2	236	4	4	4	2
2	237	4	5	1	4
2	238	4	5	2	2
2	239	4	5	3	4
2	240	4	5	4	2
2	241	5	1	1	4
2	242	5	1	2	2
2	243	5	1	3	4
2	244	5	1	4	2
2	245	5	2	1	4
2	246	5	2	2	2
2	247	5	2	3	4
2	248	5	2	4	2
2	249	5	3	1	4
2	250	5	3	2	2
2	251	5	3	3	4
2	252	5	3	4	2
2	253	5	4	1	4
2	254	5	4	2	2
2	255	5	4	3	4
2	256	5	4	4	2
2	257	5	5	1	4
2	258	5	5	2	2
2	259	5	5	3	4
2	260	5	5	4	2
2	261	6	1	1	4
2	262	6	1	2	2
2	263	6	1	3	4
2	264	6	1	4	2
2	265	6	2	1	4
2	266	6	2	2	2
2	267	6	2	3	4
2	268	6	2	4	2
2	269	6	3	1	4
2	270	6	3	2	2
2	271	6	3	3	4
2	272	6	3	4	2
2	273	6	4	1	4
2	274	6	4	2	2
2	275	6	4	3	4
2	276	6	4	4	2
2	277	6	5	1	4
2	278	6	5	2	2
2	279	6	5	3	4
2	280	6	5	4	2
2	281	7	1	1	4
2	282	7	1	2	2
2	283	7	1	3	4
2	284	7	1	4	2
2	285	7	2	1	4
2	286	7	2	2	2
2	287	7	2	3	4
2	288	7	2	4	2
2	289	7	3	1	4
2	290	7	3	2	2
2	291	7	3	3	4
2	292	7	3	4	2
2	293	7	4	1	4
2	294	7	4	2	2
2	295	7	4	3	4
2	296	7	4	4	2
2	297	7	5	1	4
2	298	7	5	2	2
2	299	7	5	3	4
2	300	7	5	4	2
2	301	8	1	1	4
2	302	8	1	2	2
2	303	8	1	3	4
2	304	8	1	4	2
2	305	8	2	1	4
2	306	8	2	2	2
2	307	8	2	3	4
2	308	8	2	4	2
2	309	8	3	1	4
2	310	8	3	2	2
2	311	8	3	3	4
2	312	8	3	4	2
2	313	8	4	1	4
2	314	8	4	2	2
2	315	8	4	3	4
2	316	8	4	4	2
2	317	8	5	1	4
2	318	8	5	2	2
2	319	8	5	3	4
2	320	8	5	4	2
5	1	1	1	1
5	1	1	1	2
5	1	1	1	3
5	1	1	1	4
5	1	1	2	1
5	1	1	2	2
5	1	1	2	3
5	1	1	2	4
5	1	1	3	1
5	1	1	3	2
5	1	1	3	3
5	1	1	3	4
5	1	1	4	1
5	1	1	4	2
5	1	1	4	3
5	1	1	4	4
5	1	1	5	1
5	1	1	5	2
5	1	1	5	3
5	1	1	5	4
5	1	2	1	1
5	1	2	1	2
5	1	2	1	3
5	1	2	1	4
5	1	2	2	1
5	1	2	2	2
5	1	2	2	3
5	1	2	2	4
5	1	2	3	1
5	1	2	3	2
5	1	2	3	3
5	1	2	3	4
5	1	2	4	1
5	1	2	4	2
5	1	2	4	3
5	1	2	4	4
5	1	2	5	1
5	1	2	5	2
5	1	2	5	3
5	1	2	5	4
5	1	3	1	1
5	1	3	1	2
5	1	3	1	3
5	1	3	1	4
5	1	3	2	1
5	1	3	2	2
5	1	3	2	3
5	1	3	2	4
5	1	3	3	1
5	1	3	3	2
5	1	3	3	3
5	1	3	3	4
5	1	3	4	1
5	1	3	4	2
5	1	3	4	3
5	1	3	4	4
5	1	3	5	1
5	1	3	5	2
5	1	3	5	3
5	1	3	5	4
5	1	4	1	1
5	1	4	1	2
5	1	4	1	3
5	1	4	1	4
5	1	4	2	1
5	1	4	2	2
5	1	4	2	3
5	1	4	2	4
5	1	4	3	1
5	1	4	3	2
5	1	4	3	3
5	1	4	3	4
5	1	4	4	1
5	1	4	4	2
5	1	4	4	3
5	1	4	4	4
5	1	4	5	1
5	1	4	5	2
5	1	4	5	3
5	1	4	5	4
5	1	5	1	1
5	1	5	1	2
5	1	5	1	3
5	1	5	1	4
5	1	5	2	1
5	1	5	2	2
5	1	5	2	3
5	1	5	2	4
5	1	5	3	1
5	1	5	3	2
5	1	5	3	3
5	1	5	3	4
5	1	5	4	1
5	1	5	4	2
5	1	5	4	3
5	1	5	4	4
5	1	5	5	1
5	1	5	5	2
5	1	5	5	3
5	1	5	5	4
5	1	6	1	1
5	1	6	1	2
5	1	6	1	3
5	1	6	1	4
5	1	6	2	1
5	1	6	2	2
5	1	6	2	3
5	1	6	2	4
5	1	6	3	1
5	1	6	3	2
5	1	6	3	3
5	1	6	3	4
5	1	6	4	1
5	1	6	4	2
5	1	6	4	3
5	1	6	4	4
5	1	6	5	1
5	1	6	5	2
5	1	6	5	3
5	1	6	5	4
5	1	7	1	1
5	1	7	1	2
5	1	7	1	3
5	1	7	1	4
5	1	7	2	1
5	1	7	2	2
5	1	7	2	3
5	1	7	2	4
5	1	7	3	1
5	1	7	3	2
5	1	7	3	3
5	1	7	3	4
5	1	7	4	1
5	1	7	4	2
5	1	7	4	3
5	1	7	4	4
5	1	7	5	1
5	1	7	5	2
5	1	7	5	3
5	1	7	5	4
5	1	8	1	1
5	1	8	1	2
5	1	8	1	3
5	1	8	1	4
5	1	8	2	1
5	1	8	2	2
5	1	8	2	3
5	1	8	2	4
5	1	8	3	1
5	1	8	3	2
5	1	8	3	3
5	1	8	3	4
5	1	8	4	1
5	1	8	4	2
5	1	8	4	3
5	1	8	4	4
5	1	8	5	1
5	1	8	5	2
5	1	8	5	3
5	1	8	5	4
5	2	1	1	1
5	2	1	1	2
5	2	1	1	3
5	2	1	1	4
5	2	1	2	1
5	2	1	2	2
5	2	1	2	3
5	2	1	2	4
5	2	1	3	1
5	2	1	3	2
5	2	1	3	3
5	2	1	3	4
5	2	1	4	1
5	2	1	4	2
5	2	1	4	3
5	2	1	4	4
5	2	1	5	1
5	2	1	5	2
5	2	1	5	3
5	2	1	5	4
5	2	2	1	1
5	2	2	1	2
5	2	2	1	3
5	2	2	1	4
5	2	2	2	1
5	2	2	2	2
5	2	2	2	3
5	2	2	2	4
5	2	2	3	1
5	2	2	3	2
5	2	2	3	3
5	2	2	3	4
5	2	2	4	1
5	2	2	4	2
5	2	2	4	3
5	2	2	4	4
5	2	2	5	1
5	2	2	5	2
5	2	2	5	3
5	2	2	5	4
5	2	3	1	1
5	2	3	1	2
5	2	3	1	3
5	2	3	1	4
5	2	3	2	1
5	2	3	2	2
5	2	3	2	3
5	2	3	2	4
5	2	3	3	1
5	2	3	3	2
5	2	3	3	3
5	2	3	3	4
5	2	3	4	1
5	2	3	4	2
5	2	3	4	3
5	2	3	4	4
5	2	3	5	1
5	2	3	5	2
5	2	3	5	3
5	2	3	5	4
5	2	4	1	1
5	2	4	1	2
5	2	4	1	3
5	2	4	1	4
5	2	4	2	1
5	2	4	2	2
5	2	4	2	3
5	2	4	2	4
5	2	4	3	1
5	2	4	3	2
5	2	4	3	3
5	2	4	3	4
5	2	4	4	1
5	2	4	4	2
5	2	4	4	3
5	2	4	4	4
5	2	4	5	1
5	2	4	5	2
5	2	4	5	3
5	2	4	5	4
5	2	5	1	1
5	2	5	1	2
5	2	5	1	3
5	2	5	1	4
5	2	5	2	1
5	2	5	2	2
5	2	5	2	3
5	2	5	2	4
5	2	5	3	1
5	2	5	3	2
5	2	5	3	3
5	2	5	3	4
5	2	5	4	1
5	2	5	4	2
5	2	5	4	3
5	2	5	4	4
5	2	5	5	1
5	2	5	5	2
5	2	5	5	3
5	2	5	5	4
5	2	6	1	1
5	2	6	1	2
5	2	6	1	3
5	2	6	1	4
5	2	6	2	1
5	2	6	2	2
5	2	6	2	3
5	2	6	2	4
5	2	6	3	1
5	2	6	3	2
5	2	6	3	3
5	2	6	3	4
5	2	6	4	1
5	2	6	4	2
5	2	6	4	3
5	2	6	4	4
5	2	6	5	1
5	2	6	5	2
5	2	6	5	3
5	2	6	5	4
5	2	7	1	1
5	2	7	1	2
5	2	7	1	3
5	2	7	1	4
5	2	7	2	1
5	2	7	2	2
5	2	7	2	3
5	2	7	2	4
5	2	7	3	1
5	2	7	3	2
5	2	7	3	3
5	2	7	3	4
5	2	7	4	1
5	2	7	4	2
5	2	7	4	3
5	2	7	4	4
5	2	7	5	1
5	2	7	5	2
5	2	7	5	3
5	2	7	5	4
5	2	8	1	1
5	2	8	1	2
5	2	8	1	3
5	2	8	1	4
5	2	8	2	1
5	2	8	2	2
5	2	8	2	3
5	2	8	2	4
5	2	8	3	1
5	2	8	3	2
5	2	8	3	3
5	2	8	3	4
5	2	8	4	1
5	2	8	4	2
5	2	8	4	3
5	2	8	4	4
5	2	8	5	1
5	2	8	5	2
5	2	8	5	3
5	2	8	5	4
5	3	1	1	1
5	3	1	1	2
5	3	1	1	3
5	3	1	1	4
5	3	1	2	1
5	3	1	2	2
5	3	1	2	3
5	3	1	2	4
5	3	1	3	1
5	3	1	3	2
5	3	1	3	3
5	3	1	3	4
5	3	1	4	1
5	3	1	4	2
5	3	1	4	3
5	3	1	4	4
5	3	1	5	1
5	3	1	5	2
5	3	1	5	3
5	3	1	5	4
5	3	2	1	1
5	3	2	1	2
5	3	2	1	3
5	3	2	1	4
5	3	2	2	1
5	3	2	2	2
5	3	2	2	3
5	3	2	2	4
5	3	2	3	1
5	3	2	3	2
5	3	2	3	3
5	3	2	3	4
5	3	2	4	1
5	3	2	4	2
5	3	2	4	3
5	3	2	4	4
5	3	2	5	1
5	3	2	5	2
5	3	2	5	3
5	3	2	5	4
5	3	3	1	1
5	3	3	1	2
5	3	3	1	3
5	3	3	1	4
5	3	3	2	1
5	3	3	2	2
5	3	3	2	3
5	3	3	2	4
5	3	3	3	1
5	3	3	3	2
5	3	3	3	3
5	3	3	3	4
5	3	3	4	1
5	3	3	4	2
5	3	3	4	3
5	3	3	4	4
5	3	3	5	1
5	3	3	5	2
5	3	3	5	3
5	3	3	5	4
5	3	4	1	1
5	3	4	1	2
5	3	4	1	3
5	3	4	1	4
5	3	4	2	1
5	3	4	2	2
5	3	4	2	3
5	3	4	2	4
5	3	4	3	1
5	3	4	3	2
5	3	4	3	3
5	3	4	3	4
5	3	4	4	1
5	3	4	4	2
5	3	4	4	3
5	3	4	4	4
5	3	4	5	1
5	3	4	5	2
5	3	4	5	3
5	3	4	5	4
5	3	5	1	1
5	3	5	1	2
5	3	5	1	3
5	3	5	1	4
5	3	5	2	1
5	3	5	2	2
5	3	5	2	3
5	3	5	2	4
5	3	5	3	1
5	3	5	3	2
5	3	5	3	3
5	3	5	3	4
5	3	5	4	1
5	3	5	4	2
5	3	5	4	3
5	3	5	4	4
5	3	5	5	1
5	3	5	5	2
5	3	5	5	3
5	3	5	5	4
5	3	6	1	1
5	3	6	1	2
5	3	6	1	3
5	3	6	1	4
5	3	6	2	1
5	3	6	2	2
5	3	6	2	3
5	3	6	2	4
5	3	6	3	1
5	3	6	3	2
5	3	6	3	3
5	3	6	3	4
5	3	6	4	1
5	3	6	4	2
5	3	6	4	3
5	3	6	4	4
5	3	6	5	1
5	3	6	5	2
5	3	6	5	3
5	3	6	5	4
5	3	7	1	1
5	3	7	1	2
5	3	7	1	3
5	3	7	1	4
5	3	7	2	1
5	3	7	2	2
5	3	7	2	3
5	3	7	2	4
5	3	7	3	1
5	3	7	3	2
5	3	7	3	3
5	3	7	3	4
5	3	7	4	1
5	3	7	4	2
5	3	7	4	3
5	3	7	4	4
5	3	7	5	1
5	3	7	5	2
5	3	7	5	3
5	3	7	5	4
5	3	8	1	1
5	3	8	1	2
5	3	8	1	3
5	3	8	1	4
5	3	8	2	1
5	3	8	2	2
5	3	8	2	3
5	3	8	2	4
5	3	8	3	1
5	3	8	3	2
5	3	8	3	3
5	3	8	3	4
5	3	8	4	1
5	3	8	4	2
5	3	8	4	3
5	3	8	4	4
5	3	8	5	1
5	3	8	5	2
5	3	8	5	3
5	3	8	5	4
5	4	1	1	1
5	4	1	1	2
5	4	1	1	3
5	4	1	1	4
5	4	1	2	1
5	4	1	2	2
5	4	1	2	3
5	4	1	2	4
5	4	1	3	1
5	4	1	3	2
5	4	1	3	3
5	4	1	3	4
5	4	1	4	1
5	4	1	4	2
5	4	1	4	3
5	4	1	4	4
5	4	1	5	1
5	4	1	5	2
5	4	1	5	3
5	4	1	5	4
5	4	2	1	1
5	4	2	1	2
5	4	2	1	3
5	4	2	1	4
5	4	2	2	1
5	4	2	2	2
5	4	2	2	3
5	4	2	2	4
5	4	2	3	1
5	4	2	3	2
5	4	2	3	3
5	4	2	3	4
5	4	2	4	1
5	4	2	4	2
5	4	2	4	3
5	4	2	4	4
5	4	2	5	1
5	4	2	5	2
5	4	2	5	3
5	4	2	5	4
5	4	3	1	1
5	4	3	1	2
5	4	3	1	3
5	4	3	1	4
5	4	3	2	1
5	4	3	2	2
5	4	3	2	3
5	4	3	2	4
5	4	3	3	1
5	4	3	3	2
5	4	3	3	3
5	4	3	3	4
5	4	3	4	1
5	4	3	4	2
5	4	3	4	3
5	4	3	4	4
5	4	3	5	1
5	4	3	5	2
5	4	3	5	3
5	4	3	5	4
5	4	4	1	1
5	4	4	1	2
5	4	4	1	3
5	4	4	1	4
5	4	4	2	1
5	4	4	2	2
5	4	4	2	3
5	4	4	2	4
5	4	4	3	1
5	4	4	3	2
5	4	4	3	3
5	4	4	3	4
5	4	4	4	1
5	4	4	4	2
5	4	4	4	3
5	4	4	4	4
5	4	4	5	1
5	4	4	5	2
5	4	4	5	3
5	4	4	5	4
5	4	5	1	1
5	4	5	1	2
5	4	5	1	3
5	4	5	1	4
5	4	5	2	1
5	4	5	2	2
5	4	5	2	3
5	4	5	2	4
5	4	5	3	1
5	4	5	3	2
5	4	5	3	3
5	4	5	3	4
5	4	5	4	1
5	4	5	4	2
5	4	5	4	3
5	4	5	4	4
5	4	5	5	1
5	4	5	5	2
5	4	5	5	3
5	4	5	5	4
5	4	6	1	1
5	4	6	1	2
5	4	6	1	3
5	4	6	1	4
5	4	6	2	1
5	4	6	2	2
5	4	6	2	3
5	4	6	2	4
5	4	6	3	1
5	4	6	3	2
5	4	6	3	3
5	4	6	3	4
5	4	6	4	1
5	4	6	4	2
5	4	6	4	3
5	4	6	4	4
5	4	6	5	1
5	4	6	5	2
5	4	6	5	3
5	4	6	5	4
5	4	7	1	1
5	4	7	1	2
5	4	7	1	3
5	4	7	1	4
5	4	7	2	1
5	4	7	2	2
5	4	7	2	3
5	4	7	2	4
5	4	7	3	1
5	4	7	3	2
5	4	7	3	3
5	4	7	3	4
5	4	7	4	1
5	4	7	4	2
5	4	7	4	3
5	4	7	4	4
5	4	7	5	1
5	4	7	5	2
5	4	7	5	3
5	4	7	5	4
5	4	8	1	1
5	4	8	1	2
5	4	8	1	3
5	4	8	1	4
5	4	8	2	1
5	4	8	2	2
5	4	8	2	3
5	4	8	2	4
5	4	8	3	1
5	4	8	3	2
5	4	8	3	3
5	4	8	3	4
5	4	8	4	1
5	4	8	4	2
5	4	8	4	3
5	4	8	4	4
5	4	8	5	1
5	4	8	5	2
5	4	8	5	3
5	4	8	5	4
5	5	1	1	1
5	5	1	1	2
5	5	1	1	3
5	5	1	1	4
5	5	1	2	1
5	5	1	2	2
5	5	1	2	3
5	5	1	2	4
5	5	1	3	1
5	5	1	3	2
5	5	1	3	3
5	5	1	3	4
5	5	1	4	1
5	5	1	4	2
5	5	1	4	3
5	5	1	4	4
5	5	1	5	1
5	5	1	5	2
5	5	1	5	3
5	5	1	5	4
5	5	2	1	1
5	5	2	1	2
5	5	2	1	3
5	5	2	1	4
5	5	2	2	1
5	5	2	2	2
5	5	2	2	3
5	5	2	2	4
5	5	2	3	1
5	5	2	3	2
5	5	2	3	3
5	5	2	3	4
5	5	2	4	1
5	5	2	4	2
5	5	2	4	3
5	5	2	4	4
5	5	2	5	1
5	5	2	5	2
5	5	2	5	3
5	5	2	5	4
5	5	3	1	1
5	5	3	1	2
5	5	3	1	3
5	5	3	1	4
5	5	3	2	1
5	5	3	2	2
5	5	3	2	3
5	5	3	2	4
5	5	3	3	1
5	5	3	3	2
5	5	3	3	3
5	5	3	3	4
5	5	3	4	1
5	5	3	4	2
5	5	3	4	3
5	5	3	4	4
5	5	3	5	1
5	5	3	5	2
5	5	3	5	3
5	5	3	5	4
5	5	4	1	1
5	5	4	1	2
5	5	4	1	3
5	5	4	1	4
5	5	4	2	1
5	5	4	2	2
5	5	4	2	3
5	5	4	2	4
5	5	4	3	1
5	5	4	3	2
5	5	4	3	3
5	5	4	3	4
5	5	4	4	1
5	5	4	4	2
5	5	4	4	3
5	5	4	4	4
5	5	4	5	1
5	5	4	5	2
5	5	4	5	3
5	5	4	5	4
5	5	5	1	1
5	5	5	1	2
5	5	5	1	3
5	5	5	1	4
5	5	5	2	1
5	5	5	2	2
5	5	5	2	3
5	5	5	2	4
5	5	5	3	1
5	5	5	3	2
5	5	5	3	3
5	5	5	3	4
5	5	5	4	1
5	5	5	4	2
5	5	5	4	3
5	5	5	4	4
5	5	5	5	1
5	5	5	5	2
5	5	5	5	3
5	5	5	5	4
5	5	6	1	1
5	5	6	1	2
5	5	6	1	3
5	5	6	1	4
5	5	6	2	1
5	5	6	2	2
5	5	6	2	3
5	5	6	2	4
5	5	6	3	1
5	5	6	3	2
5	5	6	3	3
5	5	6	3	4
5	5	6	4	1
5	5	6	4	2
5	5	6	4	3
5	5	6	4	4
5	5	6	5	1
5	5	6	5	2
5	5	6	5	3
5	5	6	5	4
5	5	7	1	1
5	5	7	1	2
5	5	7	1	3
5	5	7	1	4
5	5	7	2	1
5	5	7	2	2
5	5	7	2	3
5	5	7	2	4
5	5	7	3	1
5	5	7	3	2
5	5	7	3	3
5	5	7	3	4
5	5	7	4	1
5	5	7	4	2
5	5	7	4	3
5	5	7	4	4
5	5	7	5	1
5	5	7	5	2
5	5	7	5	3
5	5	7	5	4
5	5	8	1	1
5	5	8	1	2
5	5	8	1	3
5	5	8	1	4
5	5	8	2	1
5	5	8	2	2
5	5	8	2	3
5	5	8	2	4
5	5	8	3	1
5	5	8	3	2
5	5	8	3	3
5	5	8	3	4
5	5	8	4	1
5	5	8	4	2
5	5	8	4	3
5	5	8	4	4
5	5	8	5	1
5	5	8	5	2
5	5	8	5	3
5	5	8	5	4
5	6	1	1	1
5	6	1	1	2
5	6	1	1	3
5	6	1	1	4
5	6	1	2	1
5	6	1	2	2
5	6	1	2	3
5	6	1	2	4
5	6	1	3	1
5	6	1	3	2
5	6	1	3	3
5	6	1	3	4
5	6	1	4	1
5	6	1	4	2
5	6	1	4	3
5	6	1	4	4
5	6	1	5	1
5	6	1	5	2
5	6	1	5	3
5	6	1	5	4
5	6	2	1	1
5	6	2	1	2
5	6	2	1	3
5	6	2	1	4
5	6	2	2	1
5	6	2	2	2
5	6	2	2	3
5	6	2	2	4
5	6	2	3	1
5	6	2	3	2
5	6	2	3	3
5	6	2	3	4
5	6	2	4	1
5	6	2	4	2
5	6	2	4	3
5	6	2	4	4
5	6	2	5	1
5	6	2	5	2
5	6	2	5	3
5	6	2	5	4
5	6	3	1	1
5	6	3	1	2
5	6	3	1	3
5	6	3	1	4
5	6	3	2	1
5	6	3	2	2
5	6	3	2	3
5	6	3	2	4
5	6	3	3	1
5	6	3	3	2
5	6	3	3	3
5	6	3	3	4
5	6	3	4	1
5	6	3	4	2
5	6	3	4	3
5	6	3	4	4
5	6	3	5	1
5	6	3	5	2
5	6	3	5	3
5	6	3	5	4
5	6	4	1	1
5	6	4	1	2
5	6	4	1	3
5	6	4	1	4
5	6	4	2	1
5	6	4	2	2
5	6	4	2	3
5	6	4	2	4
5	6	4	3	1
5	6	4	3	2
5	6	4	3	3
5	6	4	3	4
5	6	4	4	1
5	6	4	4	2
5	6	4	4	3
5	6	4	4	4
5	6	4	5	1
5	6	4	5	2
5	6	4	5	3
5	6	4	5	4
5	6	5	1	1
5	6	5	1	2
5	6	5	1	3
5	6	5	1	4
5	6	5	2	1
5	6	5	2	2
5	6	5	2	3
5	6	5	2	4
5	6	5	3	1
5	6	5	3	2
5	6	5	3	3
5	6	5	3	4
5	6	5	4	1
5	6	5	4	2
5	6	5	4	3
5	6	5	4	4
5	6	5	5	1
5	6	5	5	2
5	6	5	5	3
5	6	5	5	4
5	6	6	1	1
5	6	6	1	2
5	6	6	1	3
5	6	6	1	4
5	6	6	2	1
5	6	6	2	2
5	6	6	2	3
5	6	6	2	4
5	6	6	3	1
5	6	6	3	2
5	6	6	3	3
5	6	6	3	4
5	6	6	4	1
5	6	6	4	2
5	6	6	4	3
5	6	6	4	4
5	6	6	5	1
5	6	6	5	2
5	6	6	5	3
5	6	6	5	4
5	6	7	1	1
5	6	7	1	2
5	6	7	1	3
5	6	7	1	4
5	6	7	2	1
5	6	7	2	2
5	6	7	2	3
5	6	7	2	4
5	6	7	3	1
5	6	7	3	2
5	6	7	3	3
5	6	7	3	4
5	6	7	4	1
5	6	7	4	2
5	6	7	4	3
5	6	7	4	4
5	6	7	5	1
5	6	7	5	2
5	6	7	5	3
5	6	7	5	4
5	6	8	1	1
5	6	8	1	2
5	6	8	1	3
5	6	8	1	4
5	6	8	2	1
5	6	8	2	2
5	6	8	2	3
5	6	8	2	4
5	6	8	3	1
5	6	8	3	2
5	6	8	3	3
5	6	8	3	4
5	6	8	4	1
5	6	8	4	2
5	6	8	4	3
5	6	8	4	4
5	6	8	5	1
5	6	8	5	2
5	6	8	5	3
5	6	8	5	4
5	7	1	1	1
5	7	1	1	2
5	7	1	1	3
5	7	1	1	4
5	7	1	2	1
5	7	1	2	2
5	7	1	2	3
5	7	1	2	4
5	7	1	3	1
5	7	1	3	2
5	7	1	3	3
5	7	1	3	4
5	7	1	4	1
5	7	1	4	2
5	7	1	4	3
5	7	1	4	4
5	7	1	5	1
5	7	1	5	2
5	7	1	5	3
5	7	1	5	4
5	7	2	1	1
5	7	2	1	2
5	7	2	1	3
5	7	2	1	4
5	7	2	2	1
5	7	2	2	2
5	7	2	2	3
5	7	2	2	4
5	7	2	3	1
5	7	2	3	2
5	7	2	3	3
5	7	2	3	4
5	7	2	4	1
5	7	2	4	2
5	7	2	4	3
5	7	2	4	4
5	7	2	5	1
5	7	2	5	2
5	7	2	5	3
5	7	2	5	4
5	7	3	1	1
5	7	3	1	2
5	7	3	1	3
5	7	3	1	4
5	7	3	2	1
5	7	3	2	2
5	7	3	2	3
5	7	3	2	4
5	7	3	3	1
5	7	3	3	2
5	7	3	3	3
5	7	3	3	4
5	7	3	4	1
5	7	3	4	2
5	7	3	4	3
5	7	3	4	4
5	7	3	5	1
5	7	3	5	2
5	7	3	5	3
5	7	3	5	4
5	7	4	1	1
5	7	4	1	2
5	7	4	1	3
5	7	4	1	4
5	7	4	2	1
5	7	4	2	2
5	7	4	2	3
5	7	4	2	4
5	7	4	3	1
5	7	4	3	2
5	7	4	3	3
5	7	4	3	4
5	7	4	4	1
5	7	4	4	2
5	7	4	4	3
5	7	4	4	4
5	7	4	5	1
5	7	4	5	2
5	7	4	5	3
5	7	4	5	4
5	7	5	1	1
5	7	5	1	2
5	7	5	1	3
5	7	5	1	4
5	7	5	2	1
5	7	5	2	2
5	7	5	2	3
5	7	5	2	4
5	7	5	3	1
5	7	5	3	2
5	7	5	3	3
5	7	5	3	4
5	7	5	4	1
5	7	5	4	2
5	7	5	4	3
5	7	5	4	4
5	7	5	5	1
5	7	5	5	2
5	7	5	5	3
5	7	5	5	4
5	7	6	1	1
5	7	6	1	2
5	7	6	1	3
5	7	6	1	4
5	7	6	2	1
5	7	6	2	2
5	7	6	2	3
5	7	6	2	4
5	7	6	3	1
5	7	6	3	2
5	7	6	3	3
5	7	6	3	4
5	7	6	4	1
5	7	6	4	2
5	7	6	4	3
5	7	6	4	4
5	7	6	5	1
5	7	6	5	2
5	7	6	5	3
5	7	6	5	4
5	7	7	1	1
5	7	7	1	2
5	7	7	1	3
5	7	7	1	4
5	7	7	2	1
5	7	7	2	2
5	7	7	2	3
5	7	7	2	4
5	7	7	3	1
5	7	7	3	2
5	7	7	3	3
5	7	7	3	4
5	7	7	4	1
5	7	7	4	2
5	7	7	4	3
5	7	7	4	4
5	7	7	5	1
5	7	7	5	2
5	7	7	5	3
5	7	7	5	4
5	7	8	1	1
5	7	8	1	2
5	7	8	1	3
5	7	8	1	4
5	7	8	2	1
5	7	8	2	2
5	7	8	2	3
5	7	8	2	4
5	7	8	3	1
5	7	8	3	2
5	7	8	3	3
5	7	8	3	4
5	7	8	4	1
5	7	8	4	2
5	7	8	4	3
5	7	8	4	4
5	7	8	5	1
5	7	8	5	2
5	7	8	5	3
5	7	8	5	4
1	1	1	1	190
1	1	1	2	174
1	1	1	3	194
1	1	1	4	178
1	1	2	1	198
1	1	2	2	182
1	1	2	3	202
1	1	2	4	186
1	1	3	1	206
1	1	3	2	190
1	1	3	3	210
1	1	3	4	194
1	1	4	1	214
1	1	4	2	198
1	1	4	3	218
1	1	4	4	202
1	1	5	1	222
1	1	5	2	206
1	1	5	3	226
1	1	5	4	210
1	2	1	1	202
1	2	1	2	222
1	2	1	3	206
1	2	1	4	226
1	2	2	1	210
1	2	2	2	230
1	2	2	3	214
1	2	2	4	234
1	2	3	1	218
1	2	3	2	238
1	2	3	3	222
1	2	3	4	242
1	2	4	1	226
1	2	4	2	246
1	2	4	3	230
1	2	4	4	250
1	2	5	1	234
1	2	5	2	254
1	2	5	3	238
1	2	5	4	258
1	3	1	1	242
1	3	1	2	244
1	3	1	3	246
1	3	1	4	248
1	3	2	1	250
1	3	2	2	252
1	3	2	3	254
1	3	2	4	256
1	3	3	1	258
1	3	3	2	260
1	3	3	3	262
1	3	3	4	264
1	3	4	1	266
1	3	4	2	268
1	3	4	3	270
1	3	4	4	272
1	3	5	1	274
1	3	5	2	276
1	3	5	3	278
1	3	5	4	280
1	4	1	1	282
1	4	1	2	284
1	4	1	3	286
1	4	1	4	288
1	4	2	1	290
1	4	2	2	292
1	4	2	3	294
1	4	2	4	296
1	4	3	1	298
1	4	3	2	300
1	4	3	3	302
1	4	3	4	304
1	4	4	1	306
1	4	4	2	308
1	4	4	3	310
1	4	4	4	312
1	4	5	1	314
1	4	5	2	316
1	4	5	3	318
1	4	5	4	320
1	5	1	1	322
1	5	1	2	324
1	5	1	3	326
1	5	1	4	328
1	5	2	1	330
1	5	2	2	332
1	5	2	3	334
1	5	2	4	336
1	5	3	1	338
1	5	3	2	340
1	5	3	3	342
1	5	3	4	344
1	5	4	1	346
1	5	4	2	348
1	5	4	3	350
1	5	4	4	352
1	5	5	1	354
1	5	5	2	356
1	5	5	3	358
1	5	5	4	360
1	6	1	1	362
1	6	1	2	364
1	6	1	3	366
1	6	1	4	368
1	6	2	1	370
1	6	2	2	372
1	6	2	3	374
1	6	2	4	376
1	6	3	1	378
1	6	3	2	380
1	6	3	3	382
1	6	3	4	384
1	6	4	1	386
1	6	4	2	388
1	6	4	3	390
1	6	4	4	392
1	6	5	1	394
1	6	5	2	396
1	6	5	3	398
1	6	5	4	400
1	7	1	1	402
1	7	1	2	404
1	7	1	3	406
1	7	1	4	408
1	7	2	1	410
1	7	2	2	412
1	7	2	3	414
1	7	2	4	416
1	7	3	1	418
1	7	3	2	420
1	7	3	3	422
1	7	3	4	424
1	7	4	1	426
1	7	4	2	428
1	7	4	3	430
1	7	4	4	432
1	7	5	1	434
1	7	5	2	436
1	7	5	3	438
1	7	5	4	440
1	8	1	1	442
1	8	1	2	444
1	8	1	3	446
1	8	1	4	448
1	8	2	1	450
1	8	2	2	452
1	8	2	3	454
1	8	2	4	456
1	8	3	1	458
1	8	3	2	460
1	8	3	3	462
1	8	3	4	464
1	8	4	1	466
1	8	4	2	468
1	8	4	3	470
1	8	4	4	472
1	8	5	1	474
1	8	5	2	476
1	8	5	3	478
1	8	5	4	480
4	1
4	2
4	3
4	4
4	5
4	6
4	7
4	8
4	9
4	10
4	11
4	12
4	13
4	14
4	15
4	16
4	17
4	18
4	19
4	20
1	1	1	1	173
1	1	1	2	168
1	1	1	3	175
1	1	1	4	170
1	1	2	1	177
1	1	2	2	172
1	1	2	3	179
1	1	2	4	174
1	1	3	1	181
1	1	3	2	176
1	1	3	3	183
1	1	3	4	178
1	1	4	1	185
1	1	4	2	180
1	1	4	3	187
1	1	4	4	182
1	1	5	1	189
1	1	5	2	184
1	1	5	3	191
1	1	5	4	186
4	21
4	22
4	23
4	24
4	25
4	26
4	27
4	28
4	29
4	30
4	31
4	32
4	33
4	34
4	35
4	36
4	37
4	38
4	39
4	40
1	2	1	1	181
1	2	1	2	188
1	2	1	3	183
1	2	1	4	190
1	2	2	1	185
1	2	2	2	192
1	2	2	3	187
1	2	2	4	194
1	2	3	1	189
1	2	3	2	196
1	2	3	3	191
1	2	3	4	198
1	2	4	1	193
1	2	4	2	200
1	2	4	3	195
1	2	4	4	202
1	2	5	1	197
1	2	5	2	204
1	2	5	3	199
1	2	5	4	206
4	41
4	42
4	43
4	44
4	45
4	46
4	47
4	48
4	49
4	50
4	51
4	52
4	53
4	54
4	55
4	56
4	57
4	58
4	59
4	60
1	3	1	1	201
1	3	1	2	202
1	3	1	3	203
1	3	1	4	204
1	3	2	1	205
1	3	2	2	206
1	3	2	3	207
1	3	2	4	208
1	3	3	1	209
1	3	3	2	210
1	3	3	3	211
1	3	3	4	212
1	3	4	1	213
1	3	4	2	214
1	3	4	3	215
1	3	4	4	216
1	3	5	1	217
1	3	5	2	218
1	3	5	3	219
1	3	5	4	220
4	61
4	62
4	63
4	64
4	65
4	66
4	67
4	68
4	69
4	70
4	71
4	72
4	73
4	74
4	75
4	76
4	77
4	78
4	79
4	80
1	4	1	1	221
1	4	1	2	222
1	4	1	3	223
1	4	1	4	224
1	4	2	1	225
1	4	2	2	226
1	4	2	3	227
1	4	2	4	228
1	4	3	1	229
1	4	3	2	230
1	4	3	3	231
1	4	3	4	232
1	4	4	1	233
1	4	4	2	234
1	4	4	3	235
1	4	4	4	236
1	4	5	1	237
1	4	5	2	238
1	4	5	3	239
1	4	5	4	240
4	81
4	82
4	83
4	84
4	85
4	86
4	87
4	88
4	89
4	90
4	91
4	92
4	93
4	94
4	95
4	96
4	97
4	98
4	99
4	100
1	5	1	1	241
1	5	1	2	242
1	5	1	3	243
1	5	1	4	244
1	5	2	1	245
1	5	2	2	246
1	5	2	3	247
1	5	2	4	248
1	5	3	1	249
1	5	3	2	250
1	5	3	3	251
1	5	3	4	252
1	5	4	1	253
1	5	4	2	254
1	5	4	3	255
1	5	4	4	256
1	5	5	1	257
1	5	5	2	258
1	5	5	3	259
1	5	5	4	260
4	101
4	102
4	103
4	104
4	105
4	106
4	107
4	108
4	109
4	110
4	111
4	112
4	113
4	114
4	115
4	116
4	117
4	118
4	119
4	120
1	6	1	1	261
1	6	1	2	262
1	6	1	3	263
1	6	1	4	264
1	6	2	1	265
1	6	2	2	266
1	6	2	3	267
1	6	2	4	268
1	6	3	1	269
1	6	3	2	270
1	6	3	3	271
1	6	3	4	272
1	6	4	1	273
1	6	4	2	274
1	6	4	3	275
1	6	4	4	276
1	6	5	1	277
1	6	5	2	278
1	6	5	3	279
1	6	5	4	280
4	121
4	122
4	123
4	124
4	125
4	126
4	127
4	128
4	129
4	130
4	131
4	132
4	133
4	134
4	135
4	136
4	137
4	138
4	139
4	140
1	7	1	1	281
1	7	1	2	282
1	7	1	3	283
1	7	1	4	284
1	7	2	1	285
1	7	2	2	286
1	7	2	3	287
1	7	2	4	288
1	7	3	1	289
1	7	3	2	290
1	7	3	3	291
1	7	3	4	292
1	7	4	1	293
1	7	4	2	294
1	7	4	3	295
1	7	4	4	296
1	7	5	1	297
1	7	5	2	298
1	7	5	3	299
1	7	5	4	300
4	141
4	142
4	143
4	144
4	145
4	146
4	147
4	148
4	149
4	150
4	151
4	152
4	153
4	154
4	155
4	156
4	157
4	158
4	159
4	160
1	8	1	1	301
1	8	1	2	302
1	8	1	3	303
1	8	1	4	304
1	8	2	1	305
1	8	2	2	306
1	8	2	3	307
1	8	2	4	308
1	8	3	1	309
1	8	3	2	310
1	8	3	3	311
1	8	3	4	312
1	8	4	1	313
1	8	4	2	314
1	8	4	3	315
1	8	4	4	316
1	8	5	1	317
1	8	5	2	318
1	8	5	3	319
1	8	5	4	320
4	161
4	162
4	163
4	164
4	165
4	166
4	167
4	168
4	169
4	170
4	171
4	172
4	173
4	174
4	175
4	176
4	177
4	178
4	179
4	180
4	181
4	182
4	183
4	184
4	185
4	186
4	187
4	188
4	189
4	190
4	191
4	192
4	193
4	194
4	195
4	196
4	197
4	198
4	199
4	200
4	201
4	202
4	203
4	204
4	205
4	206
4	207
4	208
4	209
4	210
4	211
4	212
4	213
4	214
4	215
4	216
4	217
4	218
4	219
4	220
4	221
4	222
4	223
4	224
4	225
4	226
4	227
4	228
4	229
4	230
4	231
4	232
4	233
4	234
4	235
4	236
4	237
4	238
4	239
4	240
4	241
4	242
4	243
4	244
4	245
4	246
4	247
4	248
4	249
4	250
4	251
4	252
4	253
4	254
4	255
4	256
4	257
4	258
4	259
4	260
4	261
4	262
4	263
4	264
4	265
4	266
4	267
4	268
4	269
4	270
4	271
4	272
4	273
4	274
4	275
4	276
4	277
4	278
4	279
4	280
4	281
4	282
4	283
4	284
4	285
4	286
4	287
4	288
4	289
4	290
4	291
4	292
4	293
4	294
4	295
4	296
4	297
4	298
4	299
4	300
4	301
4	302
4	303
4	304
4	305
4	306
4	307
4	308
4	309
4	310
4	311
4	312
4	313
4	314
4	315
4	316
4	317
4	318
4	319
4	320
1	1	1	1	0
1	1	1	2	0
1	1	1	3	0
1	1	1	4	0
1	1	2	1	0
1	1	2	2	0
1	1	2	3	0
1	1	2	4	0
1	1	3	1	0
1	1	3	2	0
1	1	3	3	0
1	1	3	4	0
1	1	4	1	0
1	1	4	2	0
1	1	4	3	0
1	1	4	4	0
1	1	5	1	0
1	1	5	2	0
1	1	5	3	0
1	1	5	4	0
1	2	1	1	0
1	2	1	2	0
1	2	1	3	0
1	2	1	4	0
1	2	2	1	0
1	2	2	2	0
1	2	2	3	0
1	2	2	4	0
1	2	3	1	0
1	2	3	2	0
1	2	3	3	0
1	2	3	4	0
1	2	4	1	0
1	2	4	2	0
1	2	4	3	0
1	2	4	4	0
1	2	5	1	0
1	2	5	2	0
1	2	5	3	0
1	2	5	4	0
1	3	1	1	0
1	3	1	2	0
1	3	1	3	0
1	3	1	4	0
1	3	2	1	0
1	3	2	2	0
1	3	2	3	0
1	3	2	4	0
1	3	3	1	0
1	3	3	2	0
1	3	3	3	0
1	3	3	4	0
1	3	4	1	0
1	3	4	2	0
1	3	4	3	0
1	3	4	4	0
1	3	5	1	0
1	3	5	2	0
1	3	5	3	0
1	3	5	4	0
1	4	1	1	0
1	4	1	2	0
1	4	1	3	0
1	4	1	4	0
1	4	2	1	0
1	4	2	2	0
1	4	2	3	0
1	4	2	4	0
1	4	3	1	0
1	4	3	2	0
1	4	3	3	0
1	4	3	4	0
1	4	4	1	0
1	4	4	2	0
1	4	4	3	0
1	4	4	4	0
1	4	5	1	0
1	4	5	2	0
1	4	5	3	0
1	4	5	4	0
1	5	1	1	0
1	5	1	2	0
1	5	1	3	0
1	5	1	4	0
1	5	2	1	0
1	5	2	2	0
1	5	2	3	0
1	5	2	4	0
1	5	3	1	0
1	5	3	2	0
1	5	3	3	0
1	5	3	4	0
1	5	4	1	0
1	5	4	2	0
1	5	4	3	0
1	5	4	4	0
1	5	5	1	0
1	5	5	2	0
1	5	5	3	0
1	5	5	4	0
1	6	1	1	0
1	6	1	2	0
1	6	1	3	0
1	6	1	4	0
1	6	2	1	0
1	6	2	2	0
1	6	2	3	0
1	6	2	4	0
1	6	3	1	0
1	6	3	2	0
1	6	3	3	0
1	6	3	4	0
1	6	4	1	0
1	6	4	2	0
1	6	4	3	0
1	6	4	4	0
1	6	5	1	0
1	6	5	2	0
1	6	5	3	0
1	6	5	4	0
1	7	1	1	0
1	7	1	2	0
1	7	1	3	0
1	7	1	4	0
1	7	2	1	0
1	7	2	2	0
1	7	2	3	0
1	7	2	4	0
1	7	3	1	0
1	7	3	2	0
1	7	3	3	0
1	7	3	4	0
1	7	4	1	0
1	7	4	2	0
1	7	4	3	0
1	7	4	4	0
1	7	5	1	0
1	7	5	2	0
1	7	5	3	0
1	7	5	4	0
1	8	1	1	0
1	8	1	2	0
1	8	1	3	0
1	8	1	4	0
1	8	2	1	0
1	8	2	2	0
1	8	2	3	0
1	8	2	4	0
1	8	3	1	0
1	8	3	2	0
1	8	3	3	0
1	8	3	4	0
1	8	4	1	0
1	8	4	2	0
1	8	4	3	0
1	8	4	4	0
1	8	5	1	0
1	8	5	2	0
1	8	5	3	0
1	8	5	4	0
