6
2
2	1	1	1	1	10
1	1	1	1	1
6
2	1	1	1	1	10
1	1	1	1	1
2	9999	1	2	3	10
1	1	2	3	0
2	0	1	2	3	10
1	1	2	3	0
20
2	1	1	1	1	10
2	2	1	1	2	5
2	3	1	1	3	10
2	4	1	1	4	5
2	5	1	2	1	10
2	6	1	2	2	5
2	7	1	2	3	10
2	8	1	2	4	5
2	9	1	3	1	10
2	10	1	3	2	5
1	1	1	1	1
1	1	1	2	2
1	1	1	3	3
1	1	1	4	4
1	1	2	1	5
1	1	2	2	6
1	1	2	3	7
1	1	2	4	8
1	1	3	1	9
1	1	3	2	10
10
2	1	8	5	4	10
2	2	8	5	4	10
2	3	1	1	1	10
2	4	1	1	1	10
2	5	8	5	4	10
1	8	5	4	8
1	1	1	1	7
2	6	1	1	1	10
2	7	1	1	1	10
1	1	1	1	20
320
2	1	1	1	1	10
2	2	1	1	2	5
2	3	1	1	3	10
2	4	1	1	4	5
2	5	1	2	1	10
2	6	1	2	2	5
2	7	1	2	3	10
2	8	1	2	4	5
2	9	1	3	1	10
2	10	1	3	2	5
2	11	1	3	3	10
2	12	1	3	4	5
2	13	1	4	1	10
2	14	1	4	2	5
2	15	1	4	3	10
2	16	1	4	4	5
2	17	1	5	1	10
2	18	1	5	2	5
2	19	1	5	3	10
2	20	1	5	4	5
2	21	2	1	1	10
2	22	2	1	2	5
2	23	2	1	3	10
2	24	2	1	4	5
2	25	2	2	1	10
2	26	2	2	2	5
2	27	2	2	3	10
2	28	2	2	4	5
2	29	2	3	1	10
2	30	2	3	2	5
2	31	2	3	3	10
2	32	2	3	4	5
2	33	2	4	1	10
2	34	2	4	2	5
2	35	2	4	3	10
2	36	2	4	4	5
2	37	2	5	1	10
2	38	2	5	2	5
2	39	2	5	3	10
2	40	2	5	4	5
2	41	3	1	1	10
2	42	3	1	2	5
2	43	3	1	3	10
2	44	3	1	4	5
2	45	3	2	1	10
2	46	3	2	2	5
2	47	3	2	3	10
2	48	3	2	4	5
2	49	3	3	1	10
2	50	3	3	2	5
2	51	3	3	3	10
2	52	3	3	4	5
2	53	3	4	1	10
2	54	3	4	2	5
2	55	3	4	3	10
2	56	3	4	4	5
2	57	3	5	1	10
2	58	3	5	2	5
2	59	3	5	3	10
2	60	3	5	4	5
2	61	4	1	1	10
2	62	4	1	2	5
2	63	4	1	3	10
2	64	4	1	4	5
2	65	4	2	1	10
2	66	4	2	2	5
2	67	4	2	3	10
2	68	4	2	4	5
2	69	4	3	1	10
2	70	4	3	2	5
2	71	4	3	3	10
2	72	4	3	4	5
2	73	4	4	1	10
2	74	4	4	2	5
2	75	4	4	3	10
2	76	4	4	4	5
2	77	4	5	1	10
2	78	4	5	2	5
2	79	4	5	3	10
2	80	4	5	4	5
2	81	5	1	1	10
2	82	5	1	2	5
2	83	5	1	3	10
2	84	5	1	4	5
2	85	5	2	1	10
2	86	5	2	2	5
2	87	5	2	3	10
2	88	5	2	4	5
2	89	5	3	1	10
2	90	5	3	2	5
2	91	5	3	3	10
2	92	5	3	4	5
2	93	5	4	1	10
2	94	5	4	2	5
2	95	5	4	3	10
2	96	5	4	4	5
2	97	5	5	1	10
2	98	5	5	2	5
2	99	5	5	3	10
2	100	5	5	4	5
2	101	6	1	1	10
2	102	6	1	2	5
2	103	6	1	3	10
2	104	6	1	4	5
2	105	6	2	1	10
2	106	6	2	2	5
2	107	6	2	3	10
2	108	6	2	4	5
2	109	6	3	1	10
2	110	6	3	2	5
2	111	6	3	3	10
2	112	6	3	4	5
2	113	6	4	1	10
2	114	6	4	2	5
2	115	6	4	3	10
2	116	6	4	4	5
2	117	6	5	1	10
2	118	6	5	2	5
2	119	6	5	3	10
2	120	6	5	4	5
2	121	7	1	1	10
2	122	7	1	2	5
2	123	7	1	3	10
2	124	7	1	4	5
2	125	7	2	1	10
2	126	7	2	2	5
2	127	7	2	3	10
2	128	7	2	4	5
2	129	7	3	1	10
2	130	7	3	2	5
2	131	7	3	3	10
2	132	7	3	4	5
2	133	7	4	1	10
2	134	7	4	2	5
2	135	7	4	3	10
2	136	7	4	4	5
2	137	7	5	1	10
2	138	7	5	2	5
2	139	7	5	3	10
2	140	7	5	4	5
2	141	8	1	1	10
2	142	8	1	2	5
2	143	8	1	3	10
2	144	8	1	4	5
2	145	8	2	1	10
2	146	8	2	2	5
2	147	8	2	3	10
2	148	8	2	4	5
2	149	8	3	1	10
2	150	8	3	2	5
2	151	8	3	3	10
2	152	8	3	4	5
2	153	8	4	1	10
2	154	8	4	2	5
2	155	8	4	3	10
2	156	8	4	4	5
2	157	8	5	1	10
2	158	8	5	2	5
2	159	8	5	3	10
2	160	8	5	4	5
1	1	1	1	1
1	1	1	2	2
1	1	1	3	3
1	1	1	4	4
1	1	2	1	5
1	1	2	2	6
1	1	2	3	7
1	1	2	4	8
1	1	3	1	9
1	1	3	2	10
1	1	3	3	11
1	1	3	4	12
1	1	4	1	13
1	1	4	2	14
1	1	4	3	15
1	1	4	4	16
1	1	5	1	17
1	1	5	2	18
1	1	5	3	19
1	1	5	4	20
1	2	1	1	21
1	2	1	2	22
1	2	1	3	23
1	2	1	4	24
1	2	2	1	25
1	2	2	2	26
1	2	2	3	27
1	2	2	4	28
1	2	3	1	29
1	2	3	2	30
1	2	3	3	31
1	2	3	4	32
1	2	4	1	33
1	2	4	2	34
1	2	4	3	35
1	2	4	4	36
1	2	5	1	37
1	2	5	2	38
1	2	5	3	39
1	2	5	4	40
1	3	1	1	41
1	3	1	2	42
1	3	1	3	43
1	3	1	4	44
1	3	2	1	45
1	3	2	2	46
1	3	2	3	47
1	3	2	4	48
1	3	3	1	49
1	3	3	2	50
1	3	3	3	51
1	3	3	4	52
1	3	4	1	53
1	3	4	2	54
1	3	4	3	55
1	3	4	4	56
1	3	5	1	57
1	3	5	2	58
1	3	5	3	59
1	3	5	4	60
1	4	1	1	61
1	4	1	2	62
1	4	1	3	63
1	4	1	4	64
1	4	2	1	65
1	4	2	2	66
1	4	2	3	67
1	4	2	4	68
1	4	3	1	69
1	4	3	2	70
1	4	3	3	71
1	4	3	4	72
1	4	4	1	73
1	4	4	2	74
1	4	4	3	75
1	4	4	4	76
1	4	5	1	77
1	4	5	2	78
1	4	5	3	79
1	4	5	4	80
1	5	1	1	81
1	5	1	2	82
1	5	1	3	83
1	5	1	4	84
1	5	2	1	85
1	5	2	2	86
1	5	2	3	87
1	5	2	4	88
1	5	3	1	89
1	5	3	2	90
1	5	3	3	91
1	5	3	4	92
1	5	4	1	93
1	5	4	2	94
1	5	4	3	95
1	5	4	4	96
1	5	5	1	97
1	5	5	2	98
1	5	5	3	99
1	5	5	4	100
1	6	1	1	101
1	6	1	2	102
1	6	1	3	103
1	6	1	4	104
1	6	2	1	105
1	6	2	2	106
1	6	2	3	107
1	6	2	4	108
1	6	3	1	109
1	6	3	2	110
1	6	3	3	111
1	6	3	4	112
1	6	4	1	113
1	6	4	2	114
1	6	4	3	115
1	6	4	4	116
1	6	5	1	117
1	6	5	2	118
1	6	5	3	119
1	6	5	4	120
1	7	1	1	121
1	7	1	2	122
1	7	1	3	123
1	7	1	4	124
1	7	2	1	125
1	7	2	2	126
1	7	2	3	127
1	7	2	4	128
1	7	3	1	129
1	7	3	2	130
1	7	3	3	131
1	7	3	4	132
1	7	4	1	133
1	7	4	2	134
1	7	4	3	135
1	7	4	4	136
1	7	5	1	137
1	7	5	2	138
1	7	5	3	139
1	7	5	4	140
1	8	1	1	141
1	8	1	2	142
1	8	1	3	143
1	8	1	4	144
1	8	2	1	145
1	8	2	2	146
1	8	2	3	147
1	8	2	4	148
1	8	3	1	149
1	8	3	2	150
1	8	3	3	151
1	8	3	4	152
1	8	4	1	153
1	8	4	2	154
1	8	4	3	155
1	8	4	4	156
1	8	5	1	157
1	8	5	2	158
1	8	5	3	159
1	8	5	4	160
640
2	1	1	1	1	10
2	2	1	1	2	5
2	3	1	1	3	10
2	4	1	1	4	5
2	5	1	2	1	10
2	6	1	2	2	5
2	7	1	2	3	10
2	8	1	2	4	5
2	9	1	3	1	10
2	10	1	3	2	5
2	11	1	3	3	10
2	12	1	3	4	5
2	13	1	4	1	10
2	14	1	4	2	5
2	15	1	4	3	10
2	16	1	4	4	5
2	17	1	5	1	10
2	18	1	5	2	5
2	19	1	5	3	10
2	20	1	5	4	5
2	21	2	1	1	10
2	22	2	1	2	5
2	23	2	1	3	10
2	24	2	1	4	5
2	25	2	2	1	10
2	26	2	2	2	5
2	27	2	2	3	10
2	28	2	2	4	5
2	29	2	3	1	10
2	30	2	3	2	5
2	31	2	3	3	10
2	32	2	3	4	5
2	33	2	4	1	10
2	34	2	4	2	5
2	35	2	4	3	10
2	36	2	4	4	5
2	37	2	5	1	10
2	38	2	5	2	5
2	39	2	5	3	10
2	40	2	5	4	5
2	41	3	1	1	10
2	42	3	1	2	5
2	43	3	1	3	10
2	44	3	1	4	5
2	45	3	2	1	10
2	46	3	2	2	5
2	47	3	2	3	10
2	48	3	2	4	5
2	49	3	3	1	10
2	50	3	3	2	5
2	51	3	3	3	10
2	52	3	3	4	5
2	53	3	4	1	10
2	54	3	4	2	5
2	55	3	4	3	10
2	56	3	4	4	5
2	57	3	5	1	10
2	58	3	5	2	5
2	59	3	5	3	10
2	60	3	5	4	5
2	61	4	1	1	10
2	62	4	1	2	5
2	63	4	1	3	10
2	64	4	1	4	5
2	65	4	2	1	10
2	66	4	2	2	5
2	67	4	2	3	10
2	68	4	2	4	5
2	69	4	3	1	10
2	70	4	3	2	5
2	71	4	3	3	10
2	72	4	3	4	5
2	73	4	4	1	10
2	74	4	4	2	5
2	75	4	4	3	10
2	76	4	4	4	5
2	77	4	5	1	10
2	78	4	5	2	5
2	79	4	5	3	10
2	80	4	5	4	5
2	81	5	1	1	10
2	82	5	1	2	5
2	83	5	1	3	10
2	84	5	1	4	5
2	85	5	2	1	10
2	86	5	2	2	5
2	87	5	2	3	10
2	88	5	2	4	5
2	89	5	3	1	10
2	90	5	3	2	5
2	91	5	3	3	10
2	92	5	3	4	5
2	93	5	4	1	10
2	94	5	4	2	5
2	95	5	4	3	10
2	96	5	4	4	5
2	97	5	5	1	10
2	98	5	5	2	5
2	99	5	5	3	10
2	100	5	5	4	5
2	101	6	1	1	10
2	102	6	1	2	5
2	103	6	1	3	10
2	104	6	1	4	5
2	105	6	2	1	10
2	106	6	2	2	5
2	107	6	2	3	10
2	108	6	2	4	5
2	109	6	3	1	10
2	110	6	3	2	5
2	111	6	3	3	10
2	112	6	3	4	5
2	113	6	4	1	10
2	114	6	4	2	5
2	115	6	4	3	10
2	116	6	4	4	5
2	117	6	5	1	10
2	118	6	5	2	5
2	119	6	5	3	10
2	120	6	5	4	5
2	121	7	1	1	10
2	122	7	1	2	5
2	123	7	1	3	10
2	124	7	1	4	5
2	125	7	2	1	10
2	126	7	2	2	5
2	127	7	2	3	10
2	128	7	2	4	5
2	129	7	3	1	10
2	130	7	3	2	5
2	131	7	3	3	10
2	132	7	3	4	5
2	133	7	4	1	10
2	134	7	4	2	5
2	135	7	4	3	10
2	136	7	4	4	5
2	137	7	5	1	10
2	138	7	5	2	5
2	139	7	5	3	10
2	140	7	5	4	5
2	141	8	1	1	10
2	142	8	1	2	5
2	143	8	1	3	10
2	144	8	1	4	5
2	145	8	2	1	10
2	146	8	2	2	5
2	147	8	2	3	10
2	148	8	2	4	5
2	149	8	3	1	10
2	150	8	3	2	5
2	151	8	3	3	10
2	152	8	3	4	5
2	153	8	4	1	10
2	154	8	4	2	5
2	155	8	4	3	10
2	156	8	4	4	5
2	157	8	5	1	10
2	158	8	5	2	5
2	159	8	5	3	10
2	160	8	5	4	5
1	1	1	1	1
1	1	1	2	2
1	1	1	3	3
1	1	1	4	4
1	1	2	1	5
1	1	2	2	6
1	1	2	3	7
1	1	2	4	8
1	1	3	1	9
1	1	3	2	10
1	1	3	3	11
1	1	3	4	12
1	1	4	1	13
1	1	4	2	14
1	1	4	3	15
1	1	4	4	16
1	1	5	1	17
1	1	5	2	18
1	1	5	3	19
1	1	5	4	20
1	2	1	1	21
1	2	1	2	22
1	2	1	3	23
1	2	1	4	24
1	2	2	1	25
1	2	2	2	26
1	2	2	3	27
1	2	2	4	28
1	2	3	1	29
1	2	3	2	30
1	2	3	3	31
1	2	3	4	32
1	2	4	1	33
1	2	4	2	34
1	2	4	3	35
1	2	4	4	36
1	2	5	1	37
1	2	5	2	38
1	2	5	3	39
1	2	5	4	40
1	3	1	1	41
1	3	1	2	42
1	3	1	3	43
1	3	1	4	44
1	3	2	1	45
1	3	2	2	46
1	3	2	3	47
1	3	2	4	48
1	3	3	1	49
1	3	3	2	50
1	3	3	3	51
1	3	3	4	52
1	3	4	1	53
1	3	4	2	54
1	3	4	3	55
1	3	4	4	56
1	3	5	1	57
1	3	5	2	58
1	3	5	3	59
1	3	5	4	60
1	4	1	1	61
1	4	1	2	62
1	4	1	3	63
1	4	1	4	64
1	4	2	1	65
1	4	2	2	66
1	4	2	3	67
1	4	2	4	68
1	4	3	1	69
1	4	3	2	70
1	4	3	3	71
1	4	3	4	72
1	4	4	1	73
1	4	4	2	74
1	4	4	3	75
1	4	4	4	76
1	4	5	1	77
1	4	5	2	78
1	4	5	3	79
1	4	5	4	80
1	5	1	1	81
1	5	1	2	82
1	5	1	3	83
1	5	1	4	84
1	5	2	1	85
1	5	2	2	86
1	5	2	3	87
1	5	2	4	88
1	5	3	1	89
1	5	3	2	90
1	5	3	3	91
1	5	3	4	92
1	5	4	1	93
1	5	4	2	94
1	5	4	3	95
1	5	4	4	96
1	5	5	1	97
1	5	5	2	98
1	5	5	3	99
1	5	5	4	100
1	6	1	1	101
1	6	1	2	102
1	6	1	3	103
1	6	1	4	104
1	6	2	1	105
1	6	2	2	106
1	6	2	3	107
1	6	2	4	108
1	6	3	1	109
1	6	3	2	110
1	6	3	3	111
1	6	3	4	112
1	6	4	1	113
1	6	4	2	114
1	6	4	3	115
1	6	4	4	116
1	6	5	1	117
1	6	5	2	118
1	6	5	3	119
1	6	5	4	120
1	7	1	1	121
1	7	1	2	122
1	7	1	3	123
1	7	1	4	124
1	7	2	1	125
1	7	2	2	126
1	7	2	3	127
1	7	2	4	128
1	7	3	1	129
1	7	3	2	130
1	7	3	3	131
1	7	3	4	132
1	7	4	1	133
1	7	4	2	134
1	7	4	3	135
1	7	4	4	136
1	7	5	1	137
1	7	5	2	138
1	7	5	3	139
1	7	5	4	140
1	8	1	1	141
1	8	1	2	142
1	8	1	3	143
1	8	1	4	144
1	8	2	1	145
1	8	2	2	146
1	8	2	3	147
1	8	2	4	148
1	8	3	1	149
1	8	3	2	150
1	8	3	3	151
1	8	3	4	152
1	8	4	1	153
1	8	4	2	154
1	8	4	3	155
1	8	4	4	156
1	8	5	1	157
1	8	5	2	158
1	8	5	3	159
1	8	5	4	160
2	161	1	1	1	10
2	162	1	1	2	5
2	163	1	1	3	10
2	164	1	1	4	5
2	165	1	2	1	10
2	166	1	2	2	5
2	167	1	2	3	10
2	168	1	2	4	5
2	169	1	3	1	10
2	170	1	3	2	5
2	171	1	3	3	10
2	172	1	3	4	5
2	173	1	4	1	10
2	174	1	4	2	5
2	175	1	4	3	10
2	176	1	4	4	5
2	177	1	5	1	10
2	178	1	5	2	5
2	179	1	5	3	10
2	180	1	5	4	5
2	181	2	1	1	10
2	182	2	1	2	5
2	183	2	1	3	10
2	184	2	1	4	5
2	185	2	2	1	10
2	186	2	2	2	5
2	187	2	2	3	10
2	188	2	2	4	5
2	189	2	3	1	10
2	190	2	3	2	5
2	191	2	3	3	10
2	192	2	3	4	5
2	193	2	4	1	10
2	194	2	4	2	5
2	195	2	4	3	10
2	196	2	4	4	5
2	197	2	5	1	10
2	198	2	5	2	5
2	199	2	5	3	10
2	200	2	5	4	5
2	201	3	1	1	10
2	202	3	1	2	5
2	203	3	1	3	10
2	204	3	1	4	5
2	205	3	2	1	10
2	206	3	2	2	5
2	207	3	2	3	10
2	208	3	2	4	5
2	209	3	3	1	10
2	210	3	3	2	5
2	211	3	3	3	10
2	212	3	3	4	5
2	213	3	4	1	10
2	214	3	4	2	5
2	215	3	4	3	10
2	216	3	4	4	5
2	217	3	5	1	10
2	218	3	5	2	5
2	219	3	5	3	10
2	220	3	5	4	5
2	221	4	1	1	10
2	222	4	1	2	5
2	223	4	1	3	10
2	224	4	1	4	5
2	225	4	2	1	10
2	226	4	2	2	5
2	227	4	2	3	10
2	228	4	2	4	5
2	229	4	3	1	10
2	230	4	3	2	5
2	231	4	3	3	10
2	232	4	3	4	5
2	233	4	4	1	10
2	234	4	4	2	5
2	235	4	4	3	10
2	236	4	4	4	5
2	237	4	5	1	10
2	238	4	5	2	5
2	239	4	5	3	10
2	240	4	5	4	5
2	241	5	1	1	10
2	242	5	1	2	5
2	243	5	1	3	10
2	244	5	1	4	5
2	245	5	2	1	10
2	246	5	2	2	5
2	247	5	2	3	10
2	248	5	2	4	5
2	249	5	3	1	10
2	250	5	3	2	5
2	251	5	3	3	10
2	252	5	3	4	5
2	253	5	4	1	10
2	254	5	4	2	5
2	255	5	4	3	10
2	256	5	4	4	5
2	257	5	5	1	10
2	258	5	5	2	5
2	259	5	5	3	10
2	260	5	5	4	5
2	261	6	1	1	10
2	262	6	1	2	5
2	263	6	1	3	10
2	264	6	1	4	5
2	265	6	2	1	10
2	266	6	2	2	5
2	267	6	2	3	10
2	268	6	2	4	5
2	269	6	3	1	10
2	270	6	3	2	5
2	271	6	3	3	10
2	272	6	3	4	5
2	273	6	4	1	10
2	274	6	4	2	5
2	275	6	4	3	10
2	276	6	4	4	5
2	277	6	5	1	10
2	278	6	5	2	5
2	279	6	5	3	10
2	280	6	5	4	5
2	281	7	1	1	10
2	282	7	1	2	5
2	283	7	1	3	10
2	284	7	1	4	5
2	285	7	2	1	10
2	286	7	2	2	5
2	287	7	2	3	10
2	288	7	2	4	5
2	289	7	3	1	10
2	290	7	3	2	5
2	291	7	3	3	10
2	292	7	3	4	5
2	293	7	4	1	10
2	294	7	4	2	5
2	295	7	4	3	10
2	296	7	4	4	5
2	297	7	5	1	10
2	298	7	5	2	5
2	299	7	5	3	10
2	300	7	5	4	5
2	301	8	1	1	10
2	302	8	1	2	5
2	303	8	1	3	10
2	304	8	1	4	5
2	305	8	2	1	10
2	306	8	2	2	5
2	307	8	2	3	10
2	308	8	2	4	5
2	309	8	3	1	10
2	310	8	3	2	5
2	311	8	3	3	10
2	312	8	3	4	5
2	313	8	4	1	10
2	314	8	4	2	5
2	315	8	4	3	10
2	316	8	4	4	5
2	317	8	5	1	10
2	318	8	5	2	5
2	319	8	5	3	10
2	320	8	5	4	5
1	1	1	1	162
1	1	1	2	164
1	1	1	3	166
1	1	1	4	168
1	1	2	1	170
1	1	2	2	172
1	1	2	3	174
1	1	2	4	176
1	1	3	1	178
1	1	3	2	180
1	1	3	3	182
1	1	3	4	184
1	1	4	1	186
1	1	4	2	188
1	1	4	3	190
1	1	4	4	192
1	1	5	1	194
1	1	5	2	196
1	1	5	3	198
1	1	5	4	200
1	2	1	1	202
1	2	1	2	204
1	2	1	3	206
1	2	1	4	208
1	2	2	1	210
1	2	2	2	212
1	2	2	3	214
1	2	2	4	216
1	2	3	1	218
1	2	3	2	220
1	2	3	3	222
1	2	3	4	224
1	2	4	1	226
1	2	4	2	228
1	2	4	3	230
1	2	4	4	232
1	2	5	1	234
1	2	5	2	236
1	2	5	3	238
1	2	5	4	240
1	3	1	1	242
1	3	1	2	244
1	3	1	3	246
1	3	1	4	248
1	3	2	1	250
1	3	2	2	252
1	3	2	3	254
1	3	2	4	256
1	3	3	1	258
1	3	3	2	260
1	3	3	3	262
1	3	3	4	264
1	3	4	1	266
1	3	4	2	268
1	3	4	3	270
1	3	4	4	272
1	3	5	1	274
1	3	5	2	276
1	3	5	3	278
1	3	5	4	280
1	4	1	1	282
1	4	1	2	284
1	4	1	3	286
1	4	1	4	288
1	4	2	1	290
1	4	2	2	292
1	4	2	3	294
1	4	2	4	296
1	4	3	1	298
1	4	3	2	300
1	4	3	3	302
1	4	3	4	304
1	4	4	1	306
1	4	4	2	308
1	4	4	3	310
1	4	4	4	312
1	4	5	1	314
1	4	5	2	316
1	4	5	3	318
1	4	5	4	320
1	5	1	1	322
1	5	1	2	324
1	5	1	3	326
1	5	1	4	328
1	5	2	1	330
1	5	2	2	332
1	5	2	3	334
1	5	2	4	336
1	5	3	1	338
1	5	3	2	340
1	5	3	3	342
1	5	3	4	344
1	5	4	1	346
1	5	4	2	348
1	5	4	3	350
1	5	4	4	352
1	5	5	1	354
1	5	5	2	356
1	5	5	3	358
1	5	5	4	360
1	6	1	1	362
1	6	1	2	364
1	6	1	3	366
1	6	1	4	368
1	6	2	1	370
1	6	2	2	372
1	6	2	3	374
1	6	2	4	376
1	6	3	1	378
1	6	3	2	380
1	6	3	3	382
1	6	3	4	384
1	6	4	1	386
1	6	4	2	388
1	6	4	3	390
1	6	4	4	392
1	6	5	1	394
1	6	5	2	396
1	6	5	3	398
1	6	5	4	400
1	7	1	1	402
1	7	1	2	404
1	7	1	3	406
1	7	1	4	408
1	7	2	1	410
1	7	2	2	412
1	7	2	3	414
1	7	2	4	416
1	7	3	1	418
1	7	3	2	420
1	7	3	3	422
1	7	3	4	424
1	7	4	1	426
1	7	4	2	428
1	7	4	3	430
1	7	4	4	432
1	7	5	1	434
1	7	5	2	436
1	7	5	3	438
1	7	5	4	440
1	8	1	1	442
1	8	1	2	444
1	8	1	3	446
1	8	1	4	448
1	8	2	1	450
1	8	2	2	452
1	8	2	3	454
1	8	2	4	456
1	8	3	1	458
1	8	3	2	460
1	8	3	3	462
1	8	3	4	464
1	8	4	1	466
1	8	4	2	468
1	8	4	3	470
1	8	4	4	472
1	8	5	1	474
1	8	5	2	476
1	8	5	3	478
1	8	5	4	480