8
3
2	1	1	1	1	10
5	1	1	1	1
1	1	1	1	2
7
1	1	1	1	0
2	1	1	1	1	10
1	1	1	1	1
2	2	1	1	1	10
1	1	1	1	3
5	1	1	1	1
1	1	1	1	4
15
1	1	1	1	0
2	1	1	1	1	10
1	1	1	1	1
2	2	1	1	1	10
1	1	1	1	3
5	1	1	1	1
1	1	1	1	4
5	2	1	1	1
1	1	1	1	6
5	3	1	1	1
1	1	1	1	9
5	4	1	1	1
1	1	1	1	13
5	5	1	1	1
1	1	1	1	18
15
2	1	1	1	1	10
1	1	1	1	1
5	1	1	1	1
5	2	1	1	1
5	3	1	1	1
5	4	1	1	1
5	5	1	1	1
5	6	1	1	1
5	7	1	1	1
5	8	1	1	1
5	9	1	1	1
5	10	1	1	1
1	1	1	1	56
5	11	1	1	1
1	1	1	1	56
22
2	1	1	1	1	10
1	1	1	1	1
5	1	1	1	1
5	2	1	1	1
5	3	1	1	1
5	4	1	1	1
5	5	1	1	1
5	6	1	1	1
5	7	1	1	1
5	8	1	1	1
5	9	1	1	1
5	10	1	1	1
1	1	1	1	56
5	11	1	1	1
1	1	1	1	56
2	2	1	1	1	10
5	11	1	1	1
5	12	1	1	1
5	13	1	1	1
5	14	1	1	1
5	15	1	1	1
1	1	1	1	123
17
2	1	1	1	1	8
2	2	1	1	1	4
5	1	1	1	1
1	1	1	1	4
5	2	2	2	2
1	1	1	1	4
1	2	2	2	0
2	3	2	2	2	4
5	1	2	2	2
1	2	2	2	4
5	2	2	2	2
5	3	2	2	2
5	4	2	2	2
5	5	2	2	2
5	6	2	2	2
1	2	2	2	13
1	1	1	1	4
21
2	1	1	1	1	5
2	2	2	1	1	5
2	3	3	1	1	5
5	1	1	1	1
5	1	2	1	1
5	1	3	1	1
1	1	1	1	2
1	2	1	1	2
1	3	1	1	3
5	2	2	1	1
5	2	1	1	1
5	2	3	1	1
1	1	1	1	2
1	2	1	1	4
1	3	1	1	3
5	3	3	1	1
5	3	2	1	1
5	3	1	1	1
1	1	1	1	2
1	2	1	1	4
1	3	1	1	6
1440
2	1	1	1	1	10
2	2	1	1	2	5
2	3	1	1	3	10
2	4	1	1	4	5
2	5	1	2	1	10
2	6	1	2	2	5
2	7	1	2	3	10
2	8	1	2	4	5
2	9	1	3	1	10
2	10	1	3	2	5
2	11	1	3	3	10
2	12	1	3	4	5
2	13	1	4	1	10
2	14	1	4	2	5
2	15	1	4	3	10
2	16	1	4	4	5
2	17	1	5	1	10
2	18	1	5	2	5
2	19	1	5	3	10
2	20	1	5	4	5
2	21	2	1	1	10
2	22	2	1	2	5
2	23	2	1	3	10
2	24	2	1	4	5
2	25	2	2	1	10
2	26	2	2	2	5
2	27	2	2	3	10
2	28	2	2	4	5
2	29	2	3	1	10
2	30	2	3	2	5
2	31	2	3	3	10
2	32	2	3	4	5
2	33	2	4	1	10
2	34	2	4	2	5
2	35	2	4	3	10
2	36	2	4	4	5
2	37	2	5	1	10
2	38	2	5	2	5
2	39	2	5	3	10
2	40	2	5	4	5
2	41	3	1	1	10
2	42	3	1	2	5
2	43	3	1	3	10
2	44	3	1	4	5
2	45	3	2	1	10
2	46	3	2	2	5
2	47	3	2	3	10
2	48	3	2	4	5
2	49	3	3	1	10
2	50	3	3	2	5
2	51	3	3	3	10
2	52	3	3	4	5
2	53	3	4	1	10
2	54	3	4	2	5
2	55	3	4	3	10
2	56	3	4	4	5
2	57	3	5	1	10
2	58	3	5	2	5
2	59	3	5	3	10
2	60	3	5	4	5
2	61	4	1	1	10
2	62	4	1	2	5
2	63	4	1	3	10
2	64	4	1	4	5
2	65	4	2	1	10
2	66	4	2	2	5
2	67	4	2	3	10
2	68	4	2	4	5
2	69	4	3	1	10
2	70	4	3	2	5
2	71	4	3	3	10
2	72	4	3	4	5
2	73	4	4	1	10
2	74	4	4	2	5
2	75	4	4	3	10
2	76	4	4	4	5
2	77	4	5	1	10
2	78	4	5	2	5
2	79	4	5	3	10
2	80	4	5	4	5
2	81	5	1	1	10
2	82	5	1	2	5
2	83	5	1	3	10
2	84	5	1	4	5
2	85	5	2	1	10
2	86	5	2	2	5
2	87	5	2	3	10
2	88	5	2	4	5
2	89	5	3	1	10
2	90	5	3	2	5
2	91	5	3	3	10
2	92	5	3	4	5
2	93	5	4	1	10
2	94	5	4	2	5
2	95	5	4	3	10
2	96	5	4	4	5
2	97	5	5	1	10
2	98	5	5	2	5
2	99	5	5	3	10
2	100	5	5	4	5
2	101	6	1	1	10
2	102	6	1	2	5
2	103	6	1	3	10
2	104	6	1	4	5
2	105	6	2	1	10
2	106	6	2	2	5
2	107	6	2	3	10
2	108	6	2	4	5
2	109	6	3	1	10
2	110	6	3	2	5
2	111	6	3	3	10
2	112	6	3	4	5
2	113	6	4	1	10
2	114	6	4	2	5
2	115	6	4	3	10
2	116	6	4	4	5
2	117	6	5	1	10
2	118	6	5	2	5
2	119	6	5	3	10
2	120	6	5	4	5
2	121	7	1	1	10
2	122	7	1	2	5
2	123	7	1	3	10
2	124	7	1	4	5
2	125	7	2	1	10
2	126	7	2	2	5
2	127	7	2	3	10
2	128	7	2	4	5
2	129	7	3	1	10
2	130	7	3	2	5
2	131	7	3	3	10
2	132	7	3	4	5
2	133	7	4	1	10
2	134	7	4	2	5
2	135	7	4	3	10
2	136	7	4	4	5
2	137	7	5	1	10
2	138	7	5	2	5
2	139	7	5	3	10
2	140	7	5	4	5
2	141	8	1	1	10
2	142	8	1	2	5
2	143	8	1	3	10
2	144	8	1	4	5
2	145	8	2	1	10
2	146	8	2	2	5
2	147	8	2	3	10
2	148	8	2	4	5
2	149	8	3	1	10
2	150	8	3	2	5
2	151	8	3	3	10
2	152	8	3	4	5
2	153	8	4	1	10
2	154	8	4	2	5
2	155	8	4	3	10
2	156	8	4	4	5
2	157	8	5	1	10
2	158	8	5	2	5
2	159	8	5	3	10
2	160	8	5	4	5
5	1	1	1	1
5	1	1	1	2
5	1	1	1	3
5	1	1	1	4
5	1	1	2	1
5	1	1	2	2
5	1	1	2	3
5	1	1	2	4
5	1	1	3	1
5	1	1	3	2
5	1	1	3	3
5	1	1	3	4
5	1	1	4	1
5	1	1	4	2
5	1	1	4	3
5	1	1	4	4
5	1	1	5	1
5	1	1	5	2
5	1	1	5	3
5	1	1	5	4
5	1	2	1	1
5	1	2	1	2
5	1	2	1	3
5	1	2	1	4
5	1	2	2	1
5	1	2	2	2
5	1	2	2	3
5	1	2	2	4
5	1	2	3	1
5	1	2	3	2
5	1	2	3	3
5	1	2	3	4
5	1	2	4	1
5	1	2	4	2
5	1	2	4	3
5	1	2	4	4
5	1	2	5	1
5	1	2	5	2
5	1	2	5	3
5	1	2	5	4
5	1	3	1	1
5	1	3	1	2
5	1	3	1	3
5	1	3	1	4
5	1	3	2	1
5	1	3	2	2
5	1	3	2	3
5	1	3	2	4
5	1	3	3	1
5	1	3	3	2
5	1	3	3	3
5	1	3	3	4
5	1	3	4	1
5	1	3	4	2
5	1	3	4	3
5	1	3	4	4
5	1	3	5	1
5	1	3	5	2
5	1	3	5	3
5	1	3	5	4
5	1	4	1	1
5	1	4	1	2
5	1	4	1	3
5	1	4	1	4
5	1	4	2	1
5	1	4	2	2
5	1	4	2	3
5	1	4	2	4
5	1	4	3	1
5	1	4	3	2
5	1	4	3	3
5	1	4	3	4
5	1	4	4	1
5	1	4	4	2
5	1	4	4	3
5	1	4	4	4
5	1	4	5	1
5	1	4	5	2
5	1	4	5	3
5	1	4	5	4
5	1	5	1	1
5	1	5	1	2
5	1	5	1	3
5	1	5	1	4
5	1	5	2	1
5	1	5	2	2
5	1	5	2	3
5	1	5	2	4
5	1	5	3	1
5	1	5	3	2
5	1	5	3	3
5	1	5	3	4
5	1	5	4	1
5	1	5	4	2
5	1	5	4	3
5	1	5	4	4
5	1	5	5	1
5	1	5	5	2
5	1	5	5	3
5	1	5	5	4
5	1	6	1	1
5	1	6	1	2
5	1	6	1	3
5	1	6	1	4
5	1	6	2	1
5	1	6	2	2
5	1	6	2	3
5	1	6	2	4
5	1	6	3	1
5	1	6	3	2
5	1	6	3	3
5	1	6	3	4
5	1	6	4	1
5	1	6	4	2
5	1	6	4	3
5	1	6	4	4
5	1	6	5	1
5	1	6	5	2
5	1	6	5	3
5	1	6	5	4
5	1	7	1	1
5	1	7	1	2
5	1	7	1	3
5	1	7	1	4
5	1	7	2	1
5	1	7	2	2
5	1	7	2	3
5	1	7	2	4
5	1	7	3	1
5	1	7	3	2
5	1	7	3	3
5	1	7	3	4
5	1	7	4	1
5	1	7	4	2
5	1	7	4	3
5	1	7	4	4
5	1	7	5	1
5	1	7	5	2
5	1	7	5	3
5	1	7	5	4
5	1	8	1	1
5	1	8	1	2
5	1	8	1	3
5	1	8	1	4
5	1	8	2	1
5	1	8	2	2
5	1	8	2	3
5	1	8	2	4
5	1	8	3	1
5	1	8	3	2
5	1	8	3	3
5	1	8	3	4
5	1	8	4	1
5	1	8	4	2
5	1	8	4	3
5	1	8	4	4
5	1	8	5	1
5	1	8	5	2
5	1	8	5	3
5	1	8	5	4
5	2	1	1	1
5	2	1	1	2
5	2	1	1	3
5	2	1	1	4
5	2	1	2	1
5	2	1	2	2
5	2	1	2	3
5	2	1	2	4
5	2	1	3	1
5	2	1	3	2
5	2	1	3	3
5	2	1	3	4
5	2	1	4	1
5	2	1	4	2
5	2	1	4	3
5	2	1	4	4
5	2	1	5	1
5	2	1	5	2
5	2	1	5	3
5	2	1	5	4
5	2	2	1	1
5	2	2	1	2
5	2	2	1	3
5	2	2	1	4
5	2	2	2	1
5	2	2	2	2
5	2	2	2	3
5	2	2	2	4
5	2	2	3	1
5	2	2	3	2
5	2	2	3	3
5	2	2	3	4
5	2	2	4	1
5	2	2	4	2
5	2	2	4	3
5	2	2	4	4
5	2	2	5	1
5	2	2	5	2
5	2	2	5	3
5	2	2	5	4
5	2	3	1	1
5	2	3	1	2
5	2	3	1	3
5	2	3	1	4
5	2	3	2	1
5	2	3	2	2
5	2	3	2	3
5	2	3	2	4
5	2	3	3	1
5	2	3	3	2
5	2	3	3	3
5	2	3	3	4
5	2	3	4	1
5	2	3	4	2
5	2	3	4	3
5	2	3	4	4
5	2	3	5	1
5	2	3	5	2
5	2	3	5	3
5	2	3	5	4
5	2	4	1	1
5	2	4	1	2
5	2	4	1	3
5	2	4	1	4
5	2	4	2	1
5	2	4	2	2
5	2	4	2	3
5	2	4	2	4
5	2	4	3	1
5	2	4	3	2
5	2	4	3	3
5	2	4	3	4
5	2	4	4	1
5	2	4	4	2
5	2	4	4	3
5	2	4	4	4
5	2	4	5	1
5	2	4	5	2
5	2	4	5	3
5	2	4	5	4
5	2	5	1	1
5	2	5	1	2
5	2	5	1	3
5	2	5	1	4
5	2	5	2	1
5	2	5	2	2
5	2	5	2	3
5	2	5	2	4
5	2	5	3	1
5	2	5	3	2
5	2	5	3	3
5	2	5	3	4
5	2	5	4	1
5	2	5	4	2
5	2	5	4	3
5	2	5	4	4
5	2	5	5	1
5	2	5	5	2
5	2	5	5	3
5	2	5	5	4
5	2	6	1	1
5	2	6	1	2
5	2	6	1	3
5	2	6	1	4
5	2	6	2	1
5	2	6	2	2
5	2	6	2	3
5	2	6	2	4
5	2	6	3	1
5	2	6	3	2
5	2	6	3	3
5	2	6	3	4
5	2	6	4	1
5	2	6	4	2
5	2	6	4	3
5	2	6	4	4
5	2	6	5	1
5	2	6	5	2
5	2	6	5	3
5	2	6	5	4
5	2	7	1	1
5	2	7	1	2
5	2	7	1	3
5	2	7	1	4
5	2	7	2	1
5	2	7	2	2
5	2	7	2	3
5	2	7	2	4
5	2	7	3	1
5	2	7	3	2
5	2	7	3	3
5	2	7	3	4
5	2	7	4	1
5	2	7	4	2
5	2	7	4	3
5	2	7	4	4
5	2	7	5	1
5	2	7	5	2
5	2	7	5	3
5	2	7	5	4
5	2	8	1	1
5	2	8	1	2
5	2	8	1	3
5	2	8	1	4
5	2	8	2	1
5	2	8	2	2
5	2	8	2	3
5	2	8	2	4
5	2	8	3	1
5	2	8	3	2
5	2	8	3	3
5	2	8	3	4
5	2	8	4	1
5	2	8	4	2
5	2	8	4	3
5	2	8	4	4
5	2	8	5	1
5	2	8	5	2
5	2	8	5	3
5	2	8	5	4
5	3	1	1	1
5	3	1	1	2
5	3	1	1	3
5	3	1	1	4
5	3	1	2	1
5	3	1	2	2
5	3	1	2	3
5	3	1	2	4
5	3	1	3	1
5	3	1	3	2
5	3	1	3	3
5	3	1	3	4
5	3	1	4	1
5	3	1	4	2
5	3	1	4	3
5	3	1	4	4
5	3	1	5	1
5	3	1	5	2
5	3	1	5	3
5	3	1	5	4
5	3	2	1	1
5	3	2	1	2
5	3	2	1	3
5	3	2	1	4
5	3	2	2	1
5	3	2	2	2
5	3	2	2	3
5	3	2	2	4
5	3	2	3	1
5	3	2	3	2
5	3	2	3	3
5	3	2	3	4
5	3	2	4	1
5	3	2	4	2
5	3	2	4	3
5	3	2	4	4
5	3	2	5	1
5	3	2	5	2
5	3	2	5	3
5	3	2	5	4
5	3	3	1	1
5	3	3	1	2
5	3	3	1	3
5	3	3	1	4
5	3	3	2	1
5	3	3	2	2
5	3	3	2	3
5	3	3	2	4
5	3	3	3	1
5	3	3	3	2
5	3	3	3	3
5	3	3	3	4
5	3	3	4	1
5	3	3	4	2
5	3	3	4	3
5	3	3	4	4
5	3	3	5	1
5	3	3	5	2
5	3	3	5	3
5	3	3	5	4
5	3	4	1	1
5	3	4	1	2
5	3	4	1	3
5	3	4	1	4
5	3	4	2	1
5	3	4	2	2
5	3	4	2	3
5	3	4	2	4
5	3	4	3	1
5	3	4	3	2
5	3	4	3	3
5	3	4	3	4
5	3	4	4	1
5	3	4	4	2
5	3	4	4	3
5	3	4	4	4
5	3	4	5	1
5	3	4	5	2
5	3	4	5	3
5	3	4	5	4
5	3	5	1	1
5	3	5	1	2
5	3	5	1	3
5	3	5	1	4
5	3	5	2	1
5	3	5	2	2
5	3	5	2	3
5	3	5	2	4
5	3	5	3	1
5	3	5	3	2
5	3	5	3	3
5	3	5	3	4
5	3	5	4	1
5	3	5	4	2
5	3	5	4	3
5	3	5	4	4
5	3	5	5	1
5	3	5	5	2
5	3	5	5	3
5	3	5	5	4
5	3	6	1	1
5	3	6	1	2
5	3	6	1	3
5	3	6	1	4
5	3	6	2	1
5	3	6	2	2
5	3	6	2	3
5	3	6	2	4
5	3	6	3	1
5	3	6	3	2
5	3	6	3	3
5	3	6	3	4
5	3	6	4	1
5	3	6	4	2
5	3	6	4	3
5	3	6	4	4
5	3	6	5	1
5	3	6	5	2
5	3	6	5	3
5	3	6	5	4
5	3	7	1	1
5	3	7	1	2
5	3	7	1	3
5	3	7	1	4
5	3	7	2	1
5	3	7	2	2
5	3	7	2	3
5	3	7	2	4
5	3	7	3	1
5	3	7	3	2
5	3	7	3	3
5	3	7	3	4
5	3	7	4	1
5	3	7	4	2
5	3	7	4	3
5	3	7	4	4
5	3	7	5	1
5	3	7	5	2
5	3	7	5	3
5	3	7	5	4
5	3	8	1	1
5	3	8	1	2
5	3	8	1	3
5	3	8	1	4
5	3	8	2	1
5	3	8	2	2
5	3	8	2	3
5	3	8	2	4
5	3	8	3	1
5	3	8	3	2
5	3	8	3	3
5	3	8	3	4
5	3	8	4	1
5	3	8	4	2
5	3	8	4	3
5	3	8	4	4
5	3	8	5	1
5	3	8	5	2
5	3	8	5	3
5	3	8	5	4
5	4	1	1	1
5	4	1	1	2
5	4	1	1	3
5	4	1	1	4
5	4	1	2	1
5	4	1	2	2
5	4	1	2	3
5	4	1	2	4
5	4	1	3	1
5	4	1	3	2
5	4	1	3	3
5	4	1	3	4
5	4	1	4	1
5	4	1	4	2
5	4	1	4	3
5	4	1	4	4
5	4	1	5	1
5	4	1	5	2
5	4	1	5	3
5	4	1	5	4
5	4	2	1	1
5	4	2	1	2
5	4	2	1	3
5	4	2	1	4
5	4	2	2	1
5	4	2	2	2
5	4	2	2	3
5	4	2	2	4
5	4	2	3	1
5	4	2	3	2
5	4	2	3	3
5	4	2	3	4
5	4	2	4	1
5	4	2	4	2
5	4	2	4	3
5	4	2	4	4
5	4	2	5	1
5	4	2	5	2
5	4	2	5	3
5	4	2	5	4
5	4	3	1	1
5	4	3	1	2
5	4	3	1	3
5	4	3	1	4
5	4	3	2	1
5	4	3	2	2
5	4	3	2	3
5	4	3	2	4
5	4	3	3	1
5	4	3	3	2
5	4	3	3	3
5	4	3	3	4
5	4	3	4	1
5	4	3	4	2
5	4	3	4	3
5	4	3	4	4
5	4	3	5	1
5	4	3	5	2
5	4	3	5	3
5	4	3	5	4
5	4	4	1	1
5	4	4	1	2
5	4	4	1	3
5	4	4	1	4
5	4	4	2	1
5	4	4	2	2
5	4	4	2	3
5	4	4	2	4
5	4	4	3	1
5	4	4	3	2
5	4	4	3	3
5	4	4	3	4
5	4	4	4	1
5	4	4	4	2
5	4	4	4	3
5	4	4	4	4
5	4	4	5	1
5	4	4	5	2
5	4	4	5	3
5	4	4	5	4
5	4	5	1	1
5	4	5	1	2
5	4	5	1	3
5	4	5	1	4
5	4	5	2	1
5	4	5	2	2
5	4	5	2	3
5	4	5	2	4
5	4	5	3	1
5	4	5	3	2
5	4	5	3	3
5	4	5	3	4
5	4	5	4	1
5	4	5	4	2
5	4	5	4	3
5	4	5	4	4
5	4	5	5	1
5	4	5	5	2
5	4	5	5	3
5	4	5	5	4
5	4	6	1	1
5	4	6	1	2
5	4	6	1	3
5	4	6	1	4
5	4	6	2	1
5	4	6	2	2
5	4	6	2	3
5	4	6	2	4
5	4	6	3	1
5	4	6	3	2
5	4	6	3	3
5	4	6	3	4
5	4	6	4	1
5	4	6	4	2
5	4	6	4	3
5	4	6	4	4
5	4	6	5	1
5	4	6	5	2
5	4	6	5	3
5	4	6	5	4
5	4	7	1	1
5	4	7	1	2
5	4	7	1	3
5	4	7	1	4
5	4	7	2	1
5	4	7	2	2
5	4	7	2	3
5	4	7	2	4
5	4	7	3	1
5	4	7	3	2
5	4	7	3	3
5	4	7	3	4
5	4	7	4	1
5	4	7	4	2
5	4	7	4	3
5	4	7	4	4
5	4	7	5	1
5	4	7	5	2
5	4	7	5	3
5	4	7	5	4
5	4	8	1	1
5	4	8	1	2
5	4	8	1	3
5	4	8	1	4
5	4	8	2	1
5	4	8	2	2
5	4	8	2	3
5	4	8	2	4
5	4	8	3	1
5	4	8	3	2
5	4	8	3	3
5	4	8	3	4
5	4	8	4	1
5	4	8	4	2
5	4	8	4	3
5	4	8	4	4
5	4	8	5	1
5	4	8	5	2
5	4	8	5	3
5	4	8	5	4
5	5	1	1	1
5	5	1	1	2
5	5	1	1	3
5	5	1	1	4
5	5	1	2	1
5	5	1	2	2
5	5	1	2	3
5	5	1	2	4
5	5	1	3	1
5	5	1	3	2
5	5	1	3	3
5	5	1	3	4
5	5	1	4	1
5	5	1	4	2
5	5	1	4	3
5	5	1	4	4
5	5	1	5	1
5	5	1	5	2
5	5	1	5	3
5	5	1	5	4
5	5	2	1	1
5	5	2	1	2
5	5	2	1	3
5	5	2	1	4
5	5	2	2	1
5	5	2	2	2
5	5	2	2	3
5	5	2	2	4
5	5	2	3	1
5	5	2	3	2
5	5	2	3	3
5	5	2	3	4
5	5	2	4	1
5	5	2	4	2
5	5	2	4	3
5	5	2	4	4
5	5	2	5	1
5	5	2	5	2
5	5	2	5	3
5	5	2	5	4
5	5	3	1	1
5	5	3	1	2
5	5	3	1	3
5	5	3	1	4
5	5	3	2	1
5	5	3	2	2
5	5	3	2	3
5	5	3	2	4
5	5	3	3	1
5	5	3	3	2
5	5	3	3	3
5	5	3	3	4
5	5	3	4	1
5	5	3	4	2
5	5	3	4	3
5	5	3	4	4
5	5	3	5	1
5	5	3	5	2
5	5	3	5	3
5	5	3	5	4
5	5	4	1	1
5	5	4	1	2
5	5	4	1	3
5	5	4	1	4
5	5	4	2	1
5	5	4	2	2
5	5	4	2	3
5	5	4	2	4
5	5	4	3	1
5	5	4	3	2
5	5	4	3	3
5	5	4	3	4
5	5	4	4	1
5	5	4	4	2
5	5	4	4	3
5	5	4	4	4
5	5	4	5	1
5	5	4	5	2
5	5	4	5	3
5	5	4	5	4
5	5	5	1	1
5	5	5	1	2
5	5	5	1	3
5	5	5	1	4
5	5	5	2	1
5	5	5	2	2
5	5	5	2	3
5	5	5	2	4
5	5	5	3	1
5	5	5	3	2
5	5	5	3	3
5	5	5	3	4
5	5	5	4	1
5	5	5	4	2
5	5	5	4	3
5	5	5	4	4
5	5	5	5	1
5	5	5	5	2
5	5	5	5	3
5	5	5	5	4
5	5	6	1	1
5	5	6	1	2
5	5	6	1	3
5	5	6	1	4
5	5	6	2	1
5	5	6	2	2
5	5	6	2	3
5	5	6	2	4
5	5	6	3	1
5	5	6	3	2
5	5	6	3	3
5	5	6	3	4
5	5	6	4	1
5	5	6	4	2
5	5	6	4	3
5	5	6	4	4
5	5	6	5	1
5	5	6	5	2
5	5	6	5	3
5	5	6	5	4
5	5	7	1	1
5	5	7	1	2
5	5	7	1	3
5	5	7	1	4
5	5	7	2	1
5	5	7	2	2
5	5	7	2	3
5	5	7	2	4
5	5	7	3	1
5	5	7	3	2
5	5	7	3	3
5	5	7	3	4
5	5	7	4	1
5	5	7	4	2
5	5	7	4	3
5	5	7	4	4
5	5	7	5	1
5	5	7	5	2
5	5	7	5	3
5	5	7	5	4
5	5	8	1	1
5	5	8	1	2
5	5	8	1	3
5	5	8	1	4
5	5	8	2	1
5	5	8	2	2
5	5	8	2	3
5	5	8	2	4
5	5	8	3	1
5	5	8	3	2
5	5	8	3	3
5	5	8	3	4
5	5	8	4	1
5	5	8	4	2
5	5	8	4	3
5	5	8	4	4
5	5	8	5	1
5	5	8	5	2
5	5	8	5	3
5	5	8	5	4
1	1	1	1	16
1	1	1	2	17
1	1	1	3	18
1	1	1	4	19
1	1	2	1	20
1	1	2	2	21
1	1	2	3	22
1	1	2	4	23
1	1	3	1	24
1	1	3	2	25
1	1	3	3	26
1	1	3	4	27
1	1	4	1	28
1	1	4	2	29
1	1	4	3	30
1	1	4	4	31
1	1	5	1	32
1	1	5	2	33
1	1	5	3	34
1	1	5	4	35
1	2	1	1	21
1	2	1	2	22
1	2	1	3	23
1	2	1	4	24
1	2	2	1	25
1	2	2	2	26
1	2	2	3	27
1	2	2	4	28
1	2	3	1	29
1	2	3	2	30
1	2	3	3	31
1	2	3	4	32
1	2	4	1	33
1	2	4	2	34
1	2	4	3	35
1	2	4	4	36
1	2	5	1	37
1	2	5	2	38
1	2	5	3	39
1	2	5	4	40
1	3	1	1	41
1	3	1	2	42
1	3	1	3	43
1	3	1	4	44
1	3	2	1	45
1	3	2	2	46
1	3	2	3	47
1	3	2	4	48
1	3	3	1	49
1	3	3	2	50
1	3	3	3	51
1	3	3	4	52
1	3	4	1	53
1	3	4	2	54
1	3	4	3	55
1	3	4	4	56
1	3	5	1	57
1	3	5	2	58
1	3	5	3	59
1	3	5	4	60
1	4	1	1	61
1	4	1	2	62
1	4	1	3	63
1	4	1	4	64
1	4	2	1	65
1	4	2	2	66
1	4	2	3	67
1	4	2	4	68
1	4	3	1	69
1	4	3	2	70
1	4	3	3	71
1	4	3	4	72
1	4	4	1	73
1	4	4	2	74
1	4	4	3	75
1	4	4	4	76
1	4	5	1	77
1	4	5	2	78
1	4	5	3	79
1	4	5	4	80
1	5	1	1	81
1	5	1	2	82
1	5	1	3	83
1	5	1	4	84
1	5	2	1	85
1	5	2	2	86
1	5	2	3	87
1	5	2	4	88
1	5	3	1	89
1	5	3	2	90
1	5	3	3	91
1	5	3	4	92
1	5	4	1	93
1	5	4	2	94
1	5	4	3	95
1	5	4	4	96
1	5	5	1	97
1	5	5	2	98
1	5	5	3	99
1	5	5	4	100
1	6	1	1	101
1	6	1	2	102
1	6	1	3	103
1	6	1	4	104
1	6	2	1	105
1	6	2	2	106
1	6	2	3	107
1	6	2	4	108
1	6	3	1	109
1	6	3	2	110
1	6	3	3	111
1	6	3	4	112
1	6	4	1	113
1	6	4	2	114
1	6	4	3	115
1	6	4	4	116
1	6	5	1	117
1	6	5	2	118
1	6	5	3	119
1	6	5	4	120
1	7	1	1	121
1	7	1	2	122
1	7	1	3	123
1	7	1	4	124
1	7	2	1	125
1	7	2	2	126
1	7	2	3	127
1	7	2	4	128
1	7	3	1	129
1	7	3	2	130
1	7	3	3	131
1	7	3	4	132
1	7	4	1	133
1	7	4	2	134
1	7	4	3	135
1	7	4	4	136
1	7	5	1	137
1	7	5	2	138
1	7	5	3	139
1	7	5	4	140
1	8	1	1	141
1	8	1	2	142
1	8	1	3	143
1	8	1	4	144
1	8	2	1	145
1	8	2	2	146
1	8	2	3	147
1	8	2	4	148
1	8	3	1	149
1	8	3	2	150
1	8	3	3	151
1	8	3	4	152
1	8	4	1	153
1	8	4	2	154
1	8	4	3	155
1	8	4	4	156
1	8	5	1	157
1	8	5	2	158
1	8	5	3	159
1	8	5	4	160
5	6	1	1	1
5	6	1	1	2
5	6	1	1	3
5	6	1	1	4
5	6	1	2	1
5	6	1	2	2
5	6	1	2	3
5	6	1	2	4
5	6	1	3	1
5	6	1	3	2
5	6	1	3	3
5	6	1	3	4
5	6	1	4	1
5	6	1	4	2
5	6	1	4	3
5	6	1	4	4
5	6	1	5	1
5	6	1	5	2
5	6	1	5	3
5	6	1	5	4
5	6	2	1	1
5	6	2	1	2
5	6	2	1	3
5	6	2	1	4
5	6	2	2	1
5	6	2	2	2
5	6	2	2	3
5	6	2	2	4
5	6	2	3	1
5	6	2	3	2
5	6	2	3	3
5	6	2	3	4
5	6	2	4	1
5	6	2	4	2
5	6	2	4	3
5	6	2	4	4
5	6	2	5	1
5	6	2	5	2
5	6	2	5	3
5	6	2	5	4
5	6	3	1	1
5	6	3	1	2
5	6	3	1	3
5	6	3	1	4
5	6	3	2	1
5	6	3	2	2
5	6	3	2	3
5	6	3	2	4
5	6	3	3	1
5	6	3	3	2
5	6	3	3	3
5	6	3	3	4
5	6	3	4	1
5	6	3	4	2
5	6	3	4	3
5	6	3	4	4
5	6	3	5	1
5	6	3	5	2
5	6	3	5	3
5	6	3	5	4
5	6	4	1	1
5	6	4	1	2
5	6	4	1	3
5	6	4	1	4
5	6	4	2	1
5	6	4	2	2
5	6	4	2	3
5	6	4	2	4
5	6	4	3	1
5	6	4	3	2
5	6	4	3	3
5	6	4	3	4
5	6	4	4	1
5	6	4	4	2
5	6	4	4	3
5	6	4	4	4
5	6	4	5	1
5	6	4	5	2
5	6	4	5	3
5	6	4	5	4
5	6	5	1	1
5	6	5	1	2
5	6	5	1	3
5	6	5	1	4
5	6	5	2	1
5	6	5	2	2
5	6	5	2	3
5	6	5	2	4
5	6	5	3	1
5	6	5	3	2
5	6	5	3	3
5	6	5	3	4
5	6	5	4	1
5	6	5	4	2
5	6	5	4	3
5	6	5	4	4
5	6	5	5	1
5	6	5	5	2
5	6	5	5	3
5	6	5	5	4
5	6	6	1	1
5	6	6	1	2
5	6	6	1	3
5	6	6	1	4
5	6	6	2	1
5	6	6	2	2
5	6	6	2	3
5	6	6	2	4
5	6	6	3	1
5	6	6	3	2
5	6	6	3	3
5	6	6	3	4
5	6	6	4	1
5	6	6	4	2
5	6	6	4	3
5	6	6	4	4
5	6	6	5	1
5	6	6	5	2
5	6	6	5	3
5	6	6	5	4
5	6	7	1	1
5	6	7	1	2
5	6	7	1	3
5	6	7	1	4
5	6	7	2	1
5	6	7	2	2
5	6	7	2	3
5	6	7	2	4
5	6	7	3	1
5	6	7	3	2
5	6	7	3	3
5	6	7	3	4
5	6	7	4	1
5	6	7	4	2
5	6	7	4	3
5	6	7	4	4
5	6	7	5	1
5	6	7	5	2
5	6	7	5	3
5	6	7	5	4
5	6	8	1	1
5	6	8	1	2
5	6	8	1	3
5	6	8	1	4
5	6	8	2	1
5	6	8	2	2
5	6	8	2	3
5	6	8	2	4
5	6	8	3	1
5	6	8	3	2
5	6	8	3	3
5	6	8	3	4
5	6	8	4	1
5	6	8	4	2
5	6	8	4	3
5	6	8	4	4
5	6	8	5	1
5	6	8	5	2
5	6	8	5	3
5	6	8	5	4
1	1	1	1	22
1	1	1	2	17
1	1	1	3	24
1	1	1	4	19
1	1	2	1	26
1	1	2	2	21
1	1	2	3	28
1	1	2	4	23
1	1	3	1	30
1	1	3	2	25
1	1	3	3	32
1	1	3	4	27
1	1	4	1	34
1	1	4	2	29
1	1	4	3	36
1	1	4	4	31
1	1	5	1	38
1	1	5	2	33
1	1	5	3	40
1	1	5	4	35
1	2	1	1	21
1	2	1	2	28
1	2	1	3	23
1	2	1	4	30
1	2	2	1	25
1	2	2	2	32
1	2	2	3	27
1	2	2	4	34
1	2	3	1	29
1	2	3	2	36
1	2	3	3	31
1	2	3	4	38
1	2	4	1	33
1	2	4	2	40
1	2	4	3	35
1	2	4	4	42
1	2	5	1	37
1	2	5	2	44
1	2	5	3	39
1	2	5	4	46
1	3	1	1	41
1	3	1	2	42
1	3	1	3	43
1	3	1	4	44
1	3	2	1	45
1	3	2	2	46
1	3	2	3	47
1	3	2	4	48
1	3	3	1	49
1	3	3	2	50
1	3	3	3	51
1	3	3	4	52
1	3	4	1	53
1	3	4	2	54
1	3	4	3	55
1	3	4	4	56
1	3	5	1	57
1	3	5	2	58
1	3	5	3	59
1	3	5	4	60
1	4	1	1	61
1	4	1	2	62
1	4	1	3	63
1	4	1	4	64
1	4	2	1	65
1	4	2	2	66
1	4	2	3	67
1	4	2	4	68
1	4	3	1	69
1	4	3	2	70
1	4	3	3	71
1	4	3	4	72
1	4	4	1	73
1	4	4	2	74
1	4	4	3	75
1	4	4	4	76
1	4	5	1	77
1	4	5	2	78
1	4	5	3	79
1	4	5	4	80
1	5	1	1	81
1	5	1	2	82
1	5	1	3	83
1	5	1	4	84
1	5	2	1	85
1	5	2	2	86
1	5	2	3	87
1	5	2	4	88
1	5	3	1	89
1	5	3	2	90
1	5	3	3	91
1	5	3	4	92
1	5	4	1	93
1	5	4	2	94
1	5	4	3	95
1	5	4	4	96
1	5	5	1	97
1	5	5	2	98
1	5	5	3	99
1	5	5	4	100
1	6	1	1	101
1	6	1	2	102
1	6	1	3	103
1	6	1	4	104
1	6	2	1	105
1	6	2	2	106
1	6	2	3	107
1	6	2	4	108
1	6	3	1	109
1	6	3	2	110
1	6	3	3	111
1	6	3	4	112
1	6	4	1	113
1	6	4	2	114
1	6	4	3	115
1	6	4	4	116
1	6	5	1	117
1	6	5	2	118
1	6	5	3	119
1	6	5	4	120
1	7	1	1	121
1	7	1	2	122
1	7	1	3	123
1	7	1	4	124
1	7	2	1	125
1	7	2	2	126
1	7	2	3	127
1	7	2	4	128
1	7	3	1	129
1	7	3	2	130
1	7	3	3	131
1	7	3	4	132
1	7	4	1	133
1	7	4	2	134
1	7	4	3	135
1	7	4	4	136
1	7	5	1	137
1	7	5	2	138
1	7	5	3	139
1	7	5	4	140
1	8	1	1	141
1	8	1	2	142
1	8	1	3	143
1	8	1	4	144
1	8	2	1	145
1	8	2	2	146
1	8	2	3	147
1	8	2	4	148
1	8	3	1	149
1	8	3	2	150
1	8	3	3	151
1	8	3	4	152
1	8	4	1	153
1	8	4	2	154
1	8	4	3	155
1	8	4	4	156
1	8	5	1	157
1	8	5	2	158
1	8	5	3	159
1	8	5	4	160
