5
7 6 6
200 200
0 1 1
200
0 2 2
200
0 3 3
2 4 4
100
2 5 5
100
2 1 6
5 7 6
100 100 200
2 5 1
200
2 5 2
200
2 1 3
100
0 4 4
100
0 4 5
100
2 2 6
5 7 6
2 3 1
2 3 2
2 2 3
200 200
0 4 4
0 4 5
0 2 6
5 7 10
200
2 1 1
200
0 2 2
2 3 3
200
0 2 4
100
0 5 5
100 100
0 3 5
200
2 3 6
0 1 7
2 1 8
2 2 9
10 20 32
200
1 1 1
0 1 2
200
0 2 3
200 200
0 2 4
200
0 1 5
2 3 6
200
2 3 7
200
1 4 8
100 100 100
2 4 9
2 4 10
200
200
1 4 11
100 100 100 100
1 1 12
1 1 13
1 3 14
200
200
1 2 15
100
1 2 16
100
2 2 17
200 200 200
2 5 18
200 200 200 200 200 200
2 3 18
1 3 19
1 3 20
100
0 1 21
2 5 22
200 200 200 100 200
1 1 23
1 3 24
1 2 25
100
1 2 26
100 100
2 5 27
100
2 4 28
100 100
0 1 29
200 200 200 200 200
1 2 30
1 1 31